1182
  -1    0     51.550     43.517      0.000 4
   0    1     51.146     32.325      0.000 4
  -1   -2     50.940     31.264      0.000 4
   3    3     50.241     41.061      0.000 4
  -1    4     50.325     29.144      0.000 4
   5    5     50.928      3.289      0.000 4
   6    7     49.746     41.666      0.000 4
   8    8     50.247     13.659      0.000 4
   7    9     50.399      7.520      0.000 4
   9   10     50.104     15.405      0.000 4
  14   -2     50.708    -13.257      0.000 4
  11   13     49.988      5.271      0.000 4
  12   12     49.811      9.664      0.000 4
  -1   -2     49.014     29.921      0.000 4
  17   16     49.090      7.270      0.000 4
  18   17     48.223     38.121      0.000 4
  16   20     48.600     23.047      0.000 4
  22   15     49.385     -7.305      0.000 4
  19   21     48.005     31.247      0.000 4
  21   24     48.291     13.384      0.000 4
  23   28     47.686     26.416      0.000 4
  25   30     47.092     33.850      0.000 4
  29   25     48.225    -13.267      0.000 4
  -1   -2     47.102     24.211      0.000 4
  -1   -2     47.333     14.577      0.000 4
  27   33     47.611     -3.490      0.000 4
  -1   -2     47.447     -4.266      0.000 4
  33   -2     46.670     21.889      0.000 4
  -1   -2     47.334     -2.962      0.000 4
  -1   -2     46.280     29.261      0.000 4
  31   34     46.205     30.022      0.000 4
  32   -2     46.413     20.255      0.000 4
  -1   -2     47.238    -16.480      0.000 4
  -1   42     46.050     10.500      0.000 4
  -1   40     45.725     20.561      0.000 4
  -1   -2     46.272     -7.181      0.000 4
  -1   44     45.015     32.326      0.000 4
  -1   -2     45.160     22.669      0.000 4
  41   39     46.368    -24.114      0.000 4
  -1   45     45.762     -5.904      0.000 4
  -1   -2     45.747     -7.773      0.000 4
  40   49     45.180     12.061      0.000 4
  -1   -2     45.115      1.636      0.000 4
  46   52     44.053     26.883      0.000 4
  -1   -2     44.653      3.123      0.000 4
  -1   -2     44.753     -3.610      0.000 4
  52   53     44.144     16.730      0.000 4
  51   57     43.723     24.487      0.000 4
  -1   61     43.078     38.970      0.000 4
  53   59     43.170     33.769      0.000 4
  -1   -2     43.777     -1.651      0.000 4
  -1   -2     43.850    -10.230      0.000 4
  -1   63     43.045     16.355      0.000 4
  -1   -2     44.112    -23.596      0.000 4
  -1   -2     43.772    -14.317      0.000 4
  56   64     42.632     26.890      0.000 4
  59   66     41.588     52.798      0.000 4
  -1   -2     42.649      8.641      0.000 4
  -1   -2     40.980     52.237      0.000 4
  62   -2     40.922     53.717      0.000 4
  -1   -2     42.564     -6.720      0.000 4
  65   69     42.034     12.231      0.000 4
  66   71     40.866     50.468      0.000 4
  67   70     40.661     53.334      0.000 4
  68   72     40.758     48.716      0.000 4
  -1   73     40.719     45.358      0.000 4
  -1   -2     40.949     26.158      0.000 4
  -1   -2     40.958     25.364      0.000 4
  -1   -2     40.518     40.624      0.000 4
  -1   -2     40.401     37.800      0.000 4
  -1   -2     40.366     37.181      0.000 4
  70   -2     40.299     34.775      0.000 4
  -1   -2     39.994     26.558      0.000 4
  -1   -2     39.930     23.754      0.000 4
  -1   -2     39.703     21.460      0.000 4
  -1   -2     39.689     19.329      0.000 4
  -1   79     39.724     16.288      0.000 4
  -1   80     39.654     17.847      0.000 4
  72   81     39.709     12.671      0.000 4
  73   82     39.387     22.553      0.000 4
  74   83     39.502     15.646      0.000 4
  75   84     40.470    -22.373      0.000 4
  76   87     39.451     10.872      0.000 4
  -1   -2     39.350     14.078      0.000 4
  78   86     39.363     13.584      0.000 4
  -1   -2     39.368      7.617      0.000 4
  -1   -2     39.322      7.295      0.000 4
  -1   -2     39.977    -22.139      0.000 4
  -1   96     39.167      6.271      0.000 4
  83   -2     39.225      2.087      0.000 4
  84   98     39.124      4.777      0.000 4
  85   99     38.616     22.539      0.000 4
  87  100     39.126      3.579      0.000 4
  -1   -2     39.135      2.722      0.000 4
  86   97     39.102      2.261      0.000 4
  -1   -2     38.026     39.020      0.000 4
  89  104     39.006      1.188      0.000 4
  90  105     38.996     -2.331      0.000 4
  93  106     38.965     -2.584      0.000 4
  91   -2     38.882     -0.211      0.000 4
  -1  108     38.916     -2.847      0.000 4
  -1  110     37.462     48.510      0.000 4
  -1   -2     38.867     -3.193      0.000 4
  -1   -2     38.837     -3.523      0.000 4
  99   -2     38.851     -5.892      0.000 4
  -1  109     38.762     -3.861      0.000 4
  98  111     38.678     -5.797      0.000 4
 100  112     38.133     11.415      0.000 4
  -1   -2     39.138    -23.854      0.000 4
  -1   -2     37.738     24.209      0.000 4
 101   -2     36.948     52.765      0.000 4
 103  113     36.930     52.054      0.000 4
  -1   -2     38.644    -12.003      0.000 4
  -1   -2     37.298     34.104      0.000 4
  -1  114     37.368     26.947      0.000 4
 105  116     38.135     -3.769      0.000 4
 107  117     38.420    -15.440      0.000 4
 109  119     37.292     11.426      0.000 4
  -1   -2     36.632     27.806      0.000 4
  -1  121     38.125    -29.792      0.000 4
 111   -2     36.878     12.284      0.000 4
  -1   -2     37.722    -20.106      0.000 4
 115  125     35.577     34.581      0.000 4
  -1  126     35.784     21.929      0.000 4
 116  127     34.931     52.121      0.000 4
  -1   -2     34.828     51.302      0.000 4
 118  128     35.378     25.856      0.000 4
 119   -2     35.853     -3.044      0.000 4
 120  129     34.824     16.848      0.000 4
 122  130     35.358     -3.232      0.000 4
 123  131     33.800     32.079      0.000 4
 125  132     34.792     -7.288      0.000 4
  -1   -2     34.689     -9.379      0.000 4
 126  134     33.956     -0.838      0.000 4
 129  137     34.260    -25.100      0.000 4
  -1   -2     34.190    -22.918      0.000 4
 130  138     33.592     -3.397      0.000 4
  -1  139     32.235     38.944      0.000 4
 132  141     33.546    -27.411      0.000 4
 134  142     32.843     -7.362      0.000 4
 135  143     33.411    -28.564      0.000 4
 136  144     32.649     -3.274      0.000 4
 140  140     30.998     51.676      0.000 4
 137  146     31.286     36.357      0.000 4
  -1  145     31.424     30.132      0.000 4
 138  147     32.903    -26.024      0.000 4
 139  148     32.882    -26.707      0.000 4
 141  149     32.762    -31.223      0.000 4
 145   -2     30.173     51.194      0.000 4
 143  150     32.385    -25.079      0.000 4
 146  151     32.132    -26.654      0.000 4
 144  152     30.686     21.284      0.000 4
  -1   -2     31.045      6.667      0.000 4
 148  153     29.278     39.275      0.000 4
  -1   -2     29.109     36.449      0.000 4
 149  154     28.737     46.914      0.000 4
  -1   -2     30.430    -14.828      0.000 4
  -1  155     29.455      9.738      0.000 4
  -1   -2     28.955     12.347      0.000 4
  -1   -2     28.671     21.641      0.000 4
  -1  158     28.175     36.504      0.000 4
 153  159     28.555     19.783      0.000 4
  -1   -2     29.806    -27.406      0.000 4
 155  161     27.530     45.066      0.000 4
  -1   -2     29.412    -19.884      0.000 4
  -1   -2     28.244     11.424      0.000 4
  -1   -2     29.251    -22.240      0.000 4
  -1   -2     28.854    -11.468      0.000 4
  -1   -2     28.506     -0.596      0.000 4
 160  164     28.579     -7.325      0.000 4
  -1  168     27.220     33.850      0.000 4
  -1   -2     28.645    -14.443      0.000 4
  -1   -2     28.720    -18.650      0.000 4
  -1   -2     28.504    -12.645      0.000 4
 163  169     28.662    -26.650      0.000 4
  -1  162     28.294    -18.853      0.000 4
  -1   -2     27.445      8.501      0.000 4
  -1   -2     27.577      3.715      0.000 4
 172  160     27.909    -14.453      0.000 4
  -1   -2     27.340      1.241      0.000 4
 165  173     26.791     18.708      0.000 4
 168  174     26.999      2.087      0.000 4
  -1  175     27.854    -26.135      0.000 4
 167  176     26.406     21.466      0.000 4
  -1  178     27.801    -28.626      0.000 4
  -1   -2     27.514    -23.937      0.000 4
  -1   -2     25.159     49.012      0.000 4
 175  177     25.005     51.741      0.000 4
 170  182     26.144      9.600      0.000 4
  -1   -2     27.222    -28.650      0.000 4
 171  179     25.887     15.336      0.000 4
  -1   -2     26.554     -9.898      0.000 4
 176  184     25.188     35.543      0.000 4
  -1   -2     26.457     -7.193      0.000 4
  -1  180     27.015    -29.863      0.000 4
 178  185     26.060     -1.827      0.000 4
  -1   -2     26.719    -26.202      0.000 4
  -1  186     26.149    -10.946      0.000 4
 182   -2     25.748     -7.323      0.000 4
  -1   -2     25.709    -10.949      0.000 4
 187  187     26.020    -23.960      0.000 4
  -1  189     25.947    -22.680      0.000 4
  -1   -2     25.405    -11.634      0.000 4
 181   -2     24.400     19.682      0.000 4
 180  195     24.933      1.835      0.000 4
 184  193     24.463     14.975      0.000 4
  -1   -2     25.448    -19.113      0.000 4
 183  196     24.119     23.919      0.000 4
 196  191     25.306    -24.484      0.000 4
  -1   -2     24.787     -9.476      0.000 4
  -1   -2     24.236      7.377      0.000 4
 191  198     24.565     -3.548      0.000 4
 190  200     23.197     40.246      0.000 4
 188  208     24.007      6.633      0.000 4
 193  202     24.319     -5.058      0.000 4
  -1  204     24.977    -28.633      0.000 4
 207  197     24.494    -15.287      0.000 4
 200  205     24.160     -8.845      0.000 4
  -1   -2     23.055     25.409      0.000 4
 195  211     22.883     31.115      0.000 4
  -1  212     22.414     44.700      0.000 4
 206  201     24.184    -14.880      0.000 4
  -1   -2     23.809     -2.890      0.000 4
 197  209     23.230     15.930      0.000 4
  -1   -2     23.807     -3.856      0.000 4
 201  214     22.016     48.909      0.000 4
 208  207     23.780    -12.995      0.000 4
  -1   -2     23.111      7.477      0.000 4
 203  216     22.921     10.062      0.000 4
  -1   -2     23.853    -23.740      0.000 4
  -1  219     22.795      0.306      0.000 4
  -1   -2     23.066    -14.367      0.000 4
  -1   -2     23.076    -19.919      0.000 4
 213  225     22.457     -3.247      0.000 4
  -1   -2     22.445     -3.984      0.000 4
  -1   -2     22.291      0.552      0.000 4
  -1   -2     22.066      0.649      0.000 4
  -1   -2     22.110     -1.941      0.000 4
  -1   -2     22.017     -0.179      0.000 4
  -1   -2     22.223     -9.992      0.000 4
  -1   -2     21.104     24.727      0.000 4
  -1   -2     22.008     -9.203      0.000 4
  -1   -2     21.924     -8.263      0.000 4
  -1   -2     20.076     52.599      0.000 4
 221  239     21.592     -4.958      0.000 4
 220  240     20.975     14.844      0.000 4
  -1   -2     21.714    -11.097      0.000 4
 231  232     21.714    -12.387      0.000 4
  -1   -2     21.833    -17.598      0.000 4
 225  251     19.616     49.502      0.000 4
  -1   -2     21.825    -25.848      0.000 4
 227   -2     21.824    -26.867      0.000 4
 240  242     21.213    -13.107      0.000 4
  -1   -2     20.861     -1.899      0.000 4
 229   -2     20.129     21.783      0.000 4
  -1   -2     21.122    -11.104      0.000 4
  -1   -2     21.356    -19.713      0.000 4
  -1  241     21.004    -10.350      0.000 4
  -1  250     20.776     -3.473      0.000 4
 238  249     20.850     -8.702      0.000 4
 232   -2     20.640     -3.189      0.000 4
 230  254     19.575     30.489      0.000 4
 241  252     21.361    -29.605      0.000 4
 233  258     19.534     28.471      0.000 4
  -1   -2     19.461     27.266      0.000 4
 237  260     19.986      9.082      0.000 4
  -1   -2     21.093    -26.541      0.000 4
 244  253     21.096    -28.786      0.000 4
  -1  256     19.721     15.134      0.000 4
 234  264     20.010      4.569      0.000 4
 243  262     19.960      0.251      0.000 4
 247   -2     18.353     52.039      0.000 4
 254  247     20.215    -17.531      0.000 4
  -1   -2     18.898     24.880      0.000 4
 250  268     17.916     53.701      0.000 4
 251  269     17.880     52.498      0.000 4
 257  261     19.772    -12.035      0.000 4
 252  271     18.352     30.282      0.000 4
  -1   -2     18.108     36.266      0.000 4
 253   -2     19.652    -19.909      0.000 4
  -1   -2     19.261    -10.992      0.000 4
  -1   -2     18.010     15.648      0.000 4
 262  276     17.212     39.007      0.000 4
 263  274     19.258    -26.829      0.000 4
 261  275     17.315     34.457      0.000 4
  -1   -2     18.945    -18.413      0.000 4
 265  277     18.358     -1.176      0.000 4
 264  279     17.279     31.050      0.000 4
  -1  282     17.410     21.858      0.000 4
 272  273     18.569    -15.561      0.000 4
  -1   -2     17.624     13.142      0.000 4
 268  287     16.873     37.656      0.000 4
  -1   -2     18.920    -28.573      0.000 4
 270  278     17.215     25.613      0.000 4
 271  286     18.722    -26.818      0.000 4
  -1  292     17.338     11.417      0.000 4
  -1   -2     18.202    -25.801      0.000 4
 274   -2     16.291     34.266      0.000 4
 275  294     18.251    -28.688      0.000 4
 276   -2     16.834      4.044      0.000 4
  -1   -2     17.561    -20.666      0.000 4
  -1   -2     16.630      8.454      0.000 4
  -1   -2     17.491    -21.524      0.000 4
 283  299     15.947     26.060      0.000 4
 280  300     16.695      1.058      0.000 4
 286  298     16.898     -6.627      0.000 4
 282  301     15.446     39.414      0.000 4
  -1  293     16.984    -11.505      0.000 4
 281   -2     15.048     49.249      0.000 4
 285  302     17.459    -28.258      0.000 4
 289  303     16.093     12.789      0.000 4
 287  312     15.224     40.535      0.000 4
 302  295     16.898    -14.818      0.000 4
 296  304     17.351    -29.836      0.000 4
 284   -2     14.725     52.217      0.000 4
 299  306     17.065    -26.993      0.000 4
 292  311     15.293     28.164      0.000 4
 300  314     15.412     17.365      0.000 4
  -1   -2     16.844    -28.558      0.000 4
  -1   -2     14.485     45.822      0.000 4
  -1   -2     15.807      1.331      0.000 4
  -1   -2     16.570    -23.192      0.000 4
 298  318     14.399     43.847      0.000 4
 306  319     16.527    -27.003      0.000 4
  -1   -2     16.260    -25.062      0.000 4
 309  326     14.375     26.067      0.000 4
 316  322     15.528    -12.897      0.000 4
 311  327     14.519     18.653      0.000 4
  -1   -2     13.581     47.947      0.000 4
  -1  336     14.516     10.386      0.000 4
  -1   -2     15.384    -17.273      0.000 4
 315  335     14.136     21.935      0.000 4
  -1  321     13.365     46.254      0.000 4
  -1   -2     14.896     -6.201      0.000 4
 314  340     14.140     15.969      0.000 4
  -1   -2     15.290    -22.939      0.000 4
  -1   -2     13.445     31.225      0.000 4
 319  343     13.998     12.788      0.000 4
 325  339     14.625     -7.707      0.000 4
 330   -2     14.803    -13.885      0.000 4
 322  341     14.429     -2.366      0.000 4
  -1   -2     14.646    -11.564      0.000 4
 320  348     14.058      4.606      0.000 4
  -1   -2     14.785    -21.407      0.000 4
  -1   -2     13.035     32.652      0.000 4
 327   -2     13.161     27.960      0.000 4
  -1   -2     14.691    -20.288      0.000 4
 332  342     14.915    -28.607      0.000 4
 323  353     13.870      3.585      0.000 4
 324  349     13.790      5.667      0.000 4
 326   -2     13.030     29.595      0.000 4
  -1   -2     14.648    -23.064      0.000 4
 328   -2     13.610      8.009      0.000 4
  -1   -2     14.227    -11.574      0.000 4
  -1  350     14.044     -7.054      0.000 4
 338  345     14.043     -8.964      0.000 4
  -1   -2     12.364     43.454      0.000 4
  -1  355     12.558     36.923      0.000 4
  -1  366     14.274    -21.531      0.000 4
 335  359     12.099     44.916      0.000 4
 331  364     11.869     49.042      0.000 4
  -1   -2     13.210      4.587      0.000 4
  -1   -2     12.485     23.710      0.000 4
 343   -2     12.581     20.110      0.000 4
 337  365     13.154      1.738      0.000 4
 345  360     12.535     20.364      0.000 4
 349  352     13.470    -11.479      0.000 4
 339   -2     11.694     44.119      0.000 4
  -1   -2     13.250     -6.420      0.000 4
 342  372     12.894      2.656      0.000 4
  -1  368     11.572     44.572      0.000 4
 346  370     12.713      3.037      0.000 4
 348  374     12.375      9.294      0.000 4
  -1   -2     13.301    -20.063      0.000 4
  -1   -2     11.310     41.763      0.000 4
  -1   -2     13.531    -28.232      0.000 4
  -1  375     12.538      1.692      0.000 4
 353  369     11.727     25.872      0.000 4
  -1   -2     13.014    -18.628      0.000 4
  -1   -2     13.364    -29.635      0.000 4
 360  377     12.437     -3.612      0.000 4
 359  379     11.632     20.088      0.000 4
 354  383     11.298     29.311      0.000 4
 356  382     12.193      0.539      0.000 4
 367  362     12.937    -22.824      0.000 4
  -1   -2     12.036      2.881      0.000 4
 366  380     11.571     16.629      0.000 4
 370  371     12.433    -10.439      0.000 4
 365  381     11.338     21.873      0.000 4
 364  384     11.295     22.909      0.000 4
  -1   -2     12.507    -17.024      0.000 4
  -1   -2     12.612    -21.679      0.000 4
  -1   -2     11.391     13.330      0.000 4
  -1   -2     10.490     40.581      0.000 4
  -1   -2     12.584    -25.019      0.000 4
  -1  392     11.482      7.872      0.000 4
  -1  386     11.019     21.530      0.000 4
  -1  390     11.489      5.637      0.000 4
  -1   -2     10.345     37.825      0.000 4
  -1   -2     12.400    -28.446      0.000 4
 376  387     10.502     28.111      0.000 4
  -1   -2     12.052    -20.451      0.000 4
  -1   -2     10.935     13.332      0.000 4
 373   -2     10.726     15.746      0.000 4
  -1   -2     10.775     13.053      0.000 4
 371  405      9.797     43.232      0.000 4
 386  391     11.365     -7.571      0.000 4
  -1   -2     11.066      1.008      0.000 4
 377  401     11.070      0.260      0.000 4
 381  402     10.375     19.915      0.000 4
  -1   -2     10.563     13.490      0.000 4
 382  406     11.016     -2.616      0.000 4
 384   -2     11.388    -15.052      0.000 4
 378  408      9.488     42.499      0.000 4
  -1   -2     11.226    -12.148      0.000 4
  -1  397     11.024     -7.433      0.000 4
  -1   -2     11.444    -25.064      0.000 4
  -1   -2      9.516     32.973      0.000 4
 385  417      9.413     34.197      0.000 4
  -1   -2     11.183    -21.712      0.000 4
 390  412     10.569     -3.229      0.000 4
 404  409     11.396    -28.570      0.000 4
 389  413      9.422     32.304      0.000 4
 394  410     11.417    -29.741      0.000 4
  -1   -2      8.883     42.881      0.000 4
 403  407     10.653    -13.135      0.000 4
 409  403     10.540    -13.990      0.000 4
 396   -2      9.159     25.015      0.000 4
 398  422      9.879      0.256      0.000 4
 400   -2      8.571     40.935      0.000 4
 407   -2      9.968     -6.526      0.000 4
 406  425      9.647     -3.356      0.000 4
 408  426      8.780     21.335      0.000 4
  -1  427      9.613     -4.928      0.000 4
  -1   -2      8.073     43.061      0.000 4
 405  429      9.313      3.683      0.000 4
  -1  430      8.694     16.810      0.000 4
 402  434      7.565     51.529      0.000 4
 411  431      9.001      5.469      0.000 4
 415  424      9.628    -22.554      0.000 4
 413  438      7.605     36.155      0.000 4
  -1   -2      9.371    -19.293      0.000 4
 416  435      7.486     37.010      0.000 4
  -1   -2      7.664     29.473      0.000 4
  -1   -2      8.280      9.202      0.000 4
  -1   -2      8.308      2.372      0.000 4
 417   -2      9.264    -28.222      0.000 4
  -1   -2      8.263      0.971      0.000 4
  -1   -2      7.421     25.981      0.000 4
 421  439      7.722     13.210      0.000 4
 420  440      7.734     11.516      0.000 4
 439  433      8.532    -17.489      0.000 4
  -1  443      8.020     -2.911      0.000 4
 419  447      6.815     33.496      0.000 4
 418  449      7.406     13.451      0.000 4
 423  450      6.424     40.973      0.000 4
 425  444      8.723    -29.600      0.000 4
  -1   -2      8.403    -20.639      0.000 4
  -1   -2      7.009     20.791      0.000 4
  -1   -2      8.135    -15.723      0.000 4
 434  445      8.402    -28.496      0.000 4
 433  451      6.640     22.936      0.000 4
 426  453      6.911     10.017      0.000 4
 435  452      7.364     -4.130      0.000 4
  -1   -2      7.978    -22.557      0.000 4
 440  446      7.607    -12.582      0.000 4
  -1   -2      7.170     -0.999      0.000 4
 429  455      5.951     35.505      0.000 4
  -1   -2      6.010     33.301      0.000 4
  -1   -2      7.847    -24.960      0.000 4
  -1   -2      7.913    -28.158      0.000 4
  -1  458      6.877     -4.393      0.000 4
  -1   -2      5.443     39.581      0.000 4
  -1   -2      5.628     22.484      0.000 4
 445  468      5.734     17.186      0.000 4
  -1  466      7.205    -28.826      0.000 4
  -1   -2      5.861      6.663      0.000 4
 458  462      6.480    -13.795      0.000 4
 451  470      6.961    -28.135      0.000 4
 452  473      5.929     -0.171      0.000 4
 447  480      4.890     31.202      0.000 4
 465  472      6.220    -11.652      0.000 4
 454  474      5.870     -4.272      0.000 4
  -1   -2      6.270    -16.216      0.000 4
  -1   -2      5.528      0.817      0.000 4
 459   -2      5.147     11.623      0.000 4
 461  481      5.543     -2.669      0.000 4
 457  485      4.047     41.798      0.000 4
 460  489      4.060     34.116      0.000 4
  -1   -2      5.914    -22.352      0.000 4
 464  488      5.159     -0.189      0.000 4
 468  483      4.211     26.082      0.000 4
 466  491      3.705     40.966      0.000 4
  -1   -2      5.989    -29.860      0.000 4
  -1   -2      4.032     27.418      0.000 4
  -1   -2      5.385    -14.719      0.000 4
  -1   -2      3.637     37.909      0.000 4
 469  490      5.732    -28.335      0.000 4
 467   -2      2.961     47.392      0.000 4
 475  496      3.670     21.504      0.000 4
  -1  503      3.371     23.492      0.000 4
 474  500      3.832      8.198      0.000 4
 473  501      3.780      8.845      0.000 4
 486  499      4.261    -10.529      0.000 4
 485   -2      4.350    -14.799      0.000 4
  -1   -2      4.819    -29.652      0.000 4
 480  502      3.913     -5.417      0.000 4
  -1  504      2.877     21.593      0.000 4
  -1   -2      4.171    -17.541      0.000 4
  -1  513      2.748     17.053      0.000 4
 481  510      3.170      3.442      0.000 4
  -1   -2      2.505     22.077      0.000 4
 484  515      3.061      4.160      0.000 4
 488  517      1.844     32.149      0.000 4
 489  511      3.144     -8.201      0.000 4
  -1   -2      1.848     27.795      0.000 4
  -1   -2      2.498      7.135      0.000 4
 495  512      2.969     -7.118      0.000 4
  -1  521      1.645     31.617      0.000 4
 493  516      1.736     28.001      0.000 4
  -1   -2      3.188    -21.473      0.000 4
  -1   -2      3.039    -17.746      0.000 4
  -1  522      1.813     17.237      0.000 4
 492  526      0.774     46.774      0.000 4
  -1   -2      3.271    -30.633      0.000 4
 501  514      3.124    -28.335      0.000 4
 497  530      2.965    -25.009      0.000 4
 494   -2      0.448     49.609      0.000 4
 504  523      2.263     -6.611      0.000 4
 500  529      2.008      0.481      0.000 4
  -1  527      2.144     -5.727      0.000 4
 503  528      1.190     20.667      0.000 4
  -1  531      0.402     42.547      0.000 4
  -1   -2      2.411    -18.795      0.000 4
  -1   -2      0.473     37.735      0.000 4
  -1   -2      1.519      4.010      0.000 4
 506  533      1.089     16.425      0.000 4
  -1   -2      1.765     -5.682      0.000 4
 510  534      1.556     -3.836      0.000 4
  -1  535      0.608     23.227      0.000 4
  -1   -2      0.331     29.791      0.000 4
 508  539      1.010      8.597      0.000 4
 512  540      1.239     -0.966      0.000 4
  -1  525      1.797    -20.775      0.000 4
 509  547      1.036      1.219      0.000 4
 513  542      0.519     16.455      0.000 4
 517  541      0.320     19.154      0.000 4
 516  546      0.924     -2.312      0.000 4
 522  552      1.492    -30.625      0.000 4
  -1   -2     -1.033     43.044      0.000 4
 520   -2     -0.021     11.456      0.000 4
 519  554     -0.441     23.849      0.000 4
  -1   -2      0.823    -14.448      0.000 4
  -1   -2      0.820    -17.502      0.000 4
  -1  556      1.114    -29.626      0.000 4
 523  561     -0.161      1.317      0.000 4
 530  559     -1.139     21.088      0.000 4
  -1   -2      0.105    -19.545      0.000 4
 535  563     -1.774     33.541      0.000 4
 532  565     -0.987      6.055      0.000 4
  -1  566     -1.772     27.257      0.000 4
 534  570     -2.428     45.635      0.000 4
 533  568     -0.784     -3.952      0.000 4
  -1   -2     -2.081     34.150      0.000 4
 540  567     -1.460     13.091      0.000 4
 539  571     -2.879     49.883      0.000 4
  -1   -2     -0.713    -18.033      0.000 4
  -1  573     -1.532      2.728      0.000 4
  -1   -2     -2.742     38.717      0.000 4
 546  572     -2.115     15.284      0.000 4
  -1  576     -1.835     -1.147      0.000 4
 547  577     -3.098     31.671      0.000 4
  -1   -2     -1.386    -23.001      0.000 4
  -1   -2     -1.733    -14.821      0.000 4
 551  578     -1.318    -28.364      0.000 4
 552  582     -3.565     35.919      0.000 4
  -1   -2     -3.704     38.144      0.000 4
  -1   -2     -1.599    -25.077      0.000 4
  -1   -2     -2.467     -3.379      0.000 4
 553  593     -3.437     21.867      0.000 4
 555  588     -3.885     32.835      0.000 4
  -1   -2     -3.774     29.149      0.000 4
  -1   -2     -3.367     16.761      0.000 4
 563  584     -2.397    -11.715      0.000 4
  -1   -2     -2.320    -19.346      0.000 4
 562   -2     -3.155      3.951      0.000 4
 559  594     -3.498     13.064      0.000 4
  -1   -2     -2.036    -29.863      0.000 4
  -1   -2     -2.548    -17.020      0.000 4
  -1   -2     -3.697     12.415      0.000 4
 567  597     -3.928     17.974      0.000 4
  -1   -2     -3.615      8.744      0.000 4
 560  605     -3.521      3.260      0.000 4
 569  603     -4.860     38.814      0.000 4
 570  604     -3.434     -4.886      0.000 4
 571  606     -4.665     29.728      0.000 4
 568  613     -3.833      1.579      0.000 4
 573  609     -5.230     38.695      0.000 4
  -1   -2     -5.111     34.037      0.000 4
 575  611     -4.776     22.733      0.000 4
 577  612     -5.287     35.840      0.000 4
 586  599     -3.578    -14.981      0.000 4
 579  615     -5.346     34.879      0.000 4
  -1   -2     -3.645    -18.588      0.000 4
 578  618     -4.356     -0.848      0.000 4
  -1   -2     -5.747     36.012      0.000 4
 582  623     -5.572     27.189      0.000 4
 585  622     -5.162     11.929      0.000 4
  -1   -2     -5.533     21.907      0.000 4
 584  627     -4.888      2.895      0.000 4
  -1   -2     -5.829     26.030      0.000 4
  -1   -2     -6.223     37.583      0.000 4
 591  625     -6.086     32.662      0.000 4
  -1   -2     -6.222     35.896      0.000 4
  -1   -2     -4.526    -14.499      0.000 4
  -1   -2     -4.443    -19.682      0.000 4
  -1   -2     -4.298    -25.066      0.000 4
 593  631     -4.987     -5.894      0.000 4
 594  630     -5.110     -2.695      0.000 4
 592   -2     -6.272     30.637      0.000 4
  -1  634     -6.128     25.258      0.000 4
  -1   -2     -6.167     26.221      0.000 4
  -1   -2     -5.002    -10.682      0.000 4
  -1  633     -6.520     29.864      0.000 4
 598  637     -6.003     13.618      0.000 4
 603  635     -5.386     -8.103      0.000 4
  -1   -2     -5.570     -3.515      0.000 4
 606  642     -5.808     -5.826      0.000 4
  -1   -2     -6.472      6.508      0.000 4
  -1   -2     -7.902     46.991      0.000 4
 604  652     -8.060     46.326      0.000 4
 611  646     -7.816     38.793      0.000 4
  -1   -2     -7.526     29.907      0.000 4
  -1   -2     -6.183    -13.668      0.000 4
  -1   -2     -6.060    -18.025      0.000 4
  -1   -2     -7.562     19.667      0.000 4
 617  651     -6.648     -9.260      0.000 4
 619  653     -8.451     38.399      0.000 4
 614  664     -7.332      5.379      0.000 4
  -1  658     -7.702     13.570      0.000 4
 623  659     -7.650      8.834      0.000 4
  -1   -2     -7.979     14.870      0.000 4
 618  672     -8.389     26.456      0.000 4
 630  654     -6.447    -29.996      0.000 4
 622  669     -7.762      6.906      0.000 4
  -1   -2     -6.713    -22.794      0.000 4
  -1   -2     -7.034    -15.344      0.000 4
 620  677     -7.742      2.895      0.000 4
 631  668     -8.220     15.808      0.000 4
 625  680     -7.860      3.666      0.000 4
 632   -2     -6.745    -29.342      0.000 4
 634  676     -9.099     35.725      0.000 4
  -1   -2     -8.912     29.795      0.000 4
  -1  660     -7.417    -14.304      0.000 4
 635   -2     -7.744     -8.261      0.000 4
 642  678     -7.901     -4.683      0.000 4
 636   -2     -9.308     31.384      0.000 4
 639  682     -7.964     -7.665      0.000 4
  -1   -2     -8.717      4.396      0.000 4
  -1   -2     -7.776    -23.720      0.000 4
 647   -2    -10.144     41.696      0.000 4
  -1   -2     -8.072    -18.939      0.000 4
 648  686     -9.237     11.040      0.000 4
  -1   -2     -8.189    -21.419      0.000 4
 646  691    -10.663     47.390      0.000 4
 649  688    -10.179     30.857      0.000 4
 650  690    -10.045     25.359      0.000 4
 655  689     -9.665     10.302      0.000 4
  -1   -2     -8.609    -20.895      0.000 4
  -1   -2    -11.137     48.507      0.000 4
 654  692    -11.127     45.971      0.000 4
  -1   -2     -8.782    -25.050      0.000 4
  -1   -2     -8.932    -22.044      0.000 4
  -1   -2    -11.110     39.825      0.000 4
 657  694    -10.148      8.715      0.000 4
 659  693     -9.567     -9.799      0.000 4
  -1   -2    -11.379     37.765      0.000 4
 661  697    -10.824     19.867      0.000 4
  -1   -2     -9.291    -24.397      0.000 4
  -1   -2    -10.937     13.861      0.000 4
 664  706    -11.116     18.767      0.000 4
  -1   -2     -9.985    -18.517      0.000 4
  -1   -2    -10.969      7.091      0.000 4
 665  712    -12.460     48.936      0.000 4
  -1   -2    -11.953     32.934      0.000 4
  -1   -2    -10.218    -20.327      0.000 4
 672  709    -12.248     36.005      0.000 4
 671  717    -11.227      2.329      0.000 4
 674  715    -11.311      4.075      0.000 4
 675  714    -12.272     31.628      0.000 4
 676   -2    -12.702     42.181      0.000 4
  -1   -2    -11.196     -1.543      0.000 4
  -1  721    -12.936     48.423      0.000 4
  -1   -2    -12.288     27.822      0.000 4
  -1   -2    -11.277     -1.132      0.000 4
  -1   -2    -10.598    -21.492      0.000 4
 678  719    -11.059     -8.798      0.000 4
 681  716    -11.796     11.294      0.000 4
  -1  713    -12.704     37.351      0.000 4
  -1   -2    -11.262     -4.117      0.000 4
  -1   -2    -10.581    -29.206      0.000 4
 683  726    -12.605     25.616      0.000 4
 685  727    -12.322     12.942      0.000 4
 687  729    -11.619     -8.939      0.000 4
 686  728    -13.413     42.391      0.000 4
  -1   -2    -11.380    -17.574      0.000 4
 689  730    -10.945    -30.095      0.000 4
  -1   -2    -11.137    -28.686      0.000 4
 690  733    -12.573      6.788      0.000 4
 691  736    -12.164    -10.298      0.000 4
 693  732    -12.088    -13.029      0.000 4
  -1   -2    -12.088    -14.063      0.000 4
 692  738    -14.100     38.458      0.000 4
  -1   -2    -12.221    -15.267      0.000 4
 700   -2    -12.285    -14.766      0.000 4
 695   -2    -12.477    -10.495      0.000 4
  -1  739    -13.111      7.030      0.000 4
 697  741    -14.170     30.991      0.000 4
 696  743    -14.756     46.195      0.000 4
  -1   -2    -14.800     43.534      0.000 4
 704  744    -13.982     16.671      0.000 4
  -1   -2    -13.689      8.360      0.000 4
 701  749    -13.617      3.422      0.000 4
 707   -2    -13.380     -4.994      0.000 4
 706  746    -13.792      5.877      0.000 4
 705  747    -14.316     20.530      0.000 4
 703  748    -14.429     21.716      0.000 4
 716  742    -13.183    -16.104      0.000 4
 710  750    -13.577     -8.512      0.000 4
 709  751    -15.438     43.020      0.000 4
 708  756    -15.039     25.870      0.000 4
  -1   -2    -13.172    -28.895      0.000 4
 715  754    -14.405      3.093      0.000 4
  -1  757    -14.512     -0.046      0.000 4
  -1   -2    -14.735      5.208      0.000 4
 720  759    -14.996     11.022      0.000 4
 717  766    -15.078     12.809      0.000 4
  -1   -2    -14.691     -0.526      0.000 4
 724  763    -14.565     -5.646      0.000 4
 728  762    -15.154      8.637      0.000 4
  -1   -2    -15.159      7.734      0.000 4
 725   -2    -16.346     41.191      0.000 4
 722  775    -15.930     26.988      0.000 4
 727  768    -16.220     34.572      0.000 4
 739  764    -13.962    -29.208      0.000 4
 731  769    -15.796     18.310      0.000 4
 732  773    -15.667     14.221      0.000 4
 734  771    -15.319      3.374      0.000 4
 735  774    -15.328     -0.347      0.000 4
  -1   -2    -16.988     42.742      0.000 4
  -1  776    -15.804      4.958      0.000 4
  -1   -2    -14.800    -23.640      0.000 4
  -1   -2    -14.733    -25.487      0.000 4
 740  777    -15.946      5.487      0.000 4
 741  780    -16.402     13.179      0.000 4
  -1   -2    -16.099      4.505      0.000 4
  -1   -2    -17.375     35.830      0.000 4
  -1   -2    -15.737    -10.579      0.000 4
 748  778    -15.616    -16.038      0.000 4
 743   -2    -17.645     38.888      0.000 4
 745  782    -16.350     -0.925      0.000 4
  -1  781    -16.471      0.881      0.000 4
 744  788    -17.095     16.991      0.000 4
  -1  779    -15.872    -19.218      0.000 4
 750  790    -16.592     -3.287      0.000 4
  -1   -2    -16.508     -6.258      0.000 4
 753  798    -16.738     -2.511      0.000 4
 758  783    -16.368    -13.235      0.000 4
 747  801    -18.472     45.281      0.000 4
 754  794    -18.223     37.659      0.000 4
 751  799    -18.004     31.030      0.000 4
 757  784    -17.283     10.558      0.000 4
 752  800    -18.027     29.584      0.000 4
  -1  797    -16.712     -9.284      0.000 4
 755  802    -18.031     23.711      0.000 4
 762   -2    -16.884     -8.424      0.000 4
 761   -2    -17.436      5.128      0.000 4
 764  804    -17.301     -1.887      0.000 4
  -1  806    -17.656      3.427      0.000 4
  -1   -2    -18.132     16.449      0.000 4
 763  809    -17.974     11.856      0.000 4
 766  807    -16.535    -27.546      0.000 4
 767  811    -17.580     -4.728      0.000 4
  -1   -2    -18.525     12.093      0.000 4
  -1  813    -17.721    -13.884      0.000 4
 772   -2    -19.429     32.483      0.000 4
 773  819    -19.606     34.043      0.000 4
 781  812    -17.842    -18.086      0.000 4
 775  823    -19.665     30.584      0.000 4
 774  825    -19.374     19.763      0.000 4
 777  822    -18.637     -1.040      0.000 4
  -1  821    -18.451     -7.328      0.000 4
 779  824    -19.007      5.068      0.000 4
  -1   -2    -19.574     19.800      0.000 4
 780   -2    -19.661     17.941      0.000 4
 783  827    -19.213      0.904      0.000 4
 784  829    -19.123     -2.606      0.000 4
 786  828    -19.071     -6.094      0.000 4
 785  832    -21.057     44.343      0.000 4
 782  834    -20.882     38.882      0.000 4
 789  830    -19.406     -8.539      0.000 4
 787  833    -20.533     22.055      0.000 4
 793  839    -21.906     47.675      0.000 4
 791  851    -20.944     19.923      0.000 4
  -1   -2    -21.890     44.463      0.000 4
  -1   -2    -19.507    -25.359      0.000 4
 792  849    -21.388     25.111      0.000 4
  -1  841    -20.672      5.153      0.000 4
 798   -2    -21.113     17.078      0.000 4
 795  848    -21.713     33.048      0.000 4
 809  836    -19.818    -18.812      0.000 4
 801  843    -20.772      5.941      0.000 4
 794  853    -21.887     36.942      0.000 4
 802  840    -20.019    -15.020      0.000 4
 799  844    -21.023     11.287      0.000 4
  -1  852    -21.344     17.041      0.000 4
  -1   -2    -21.102      9.403      0.000 4
 807  850    -20.278    -15.198      0.000 4
 808   -2    -20.962     -3.218      0.000 4
  -1  857    -21.040     -3.384      0.000 4
  -1   -2    -22.703     38.749      0.000 4
  -1   -2    -20.460    -24.243      0.000 4
 812   -2    -22.072     17.861      0.000 4
  -1  861    -21.336     -5.701      0.000 4
 814  860    -21.197     -9.575      0.000 4
 817  862    -21.372     -7.534      0.000 4
  -1  864    -22.088     11.274      0.000 4
 815  863    -22.049     10.150      0.000 4
  -1  866    -22.433     17.882      0.000 4
 816  868    -23.513     43.273      0.000 4
 822   -2    -23.039     21.928      0.000 4
 823  869    -23.112     22.512      0.000 4
 821  871    -23.025     19.856      0.000 4
 825  873    -22.884     11.212      0.000 4
 826  870    -22.868      9.383      0.000 4
 829  872    -22.234     -9.510      0.000 4
 842  867    -21.966    -20.411      0.000 4
 830  877    -22.819      1.630      0.000 4
  -1   -2    -22.812     -3.239      0.000 4
  -1  875    -22.391    -14.682      0.000 4
 832   -2    -22.625     -8.936      0.000 4
 834   -2    -22.674    -10.160      0.000 4
  -1   -2    -22.572    -13.998      0.000 4
 831  883    -23.119      0.132      0.000 4
 833  880    -24.244     29.639      0.000 4
 838  882    -23.449      4.655      0.000 4
 837  885    -23.937     15.970      0.000 4
 840  881    -23.094     -7.542      0.000 4
  -1   -2    -23.865     11.866      0.000 4
 839   -2    -25.147     41.058      0.000 4
 843   -2    -22.559    -29.164      0.000 4
 848  888    -23.425    -12.244      0.000 4
  -1   -2    -25.788     52.387      0.000 4
 845  890    -24.775     22.530      0.000 4
 844  893    -24.667     18.093      0.000 4
  -1   -2    -25.774     47.115      0.000 4
  -1  894    -25.726     45.446      0.000 4
  -1  892    -24.971     21.515      0.000 4
 850   -2    -24.239      1.445      0.000 4
 855  897    -24.704      1.465      0.000 4
  -1   -2    -23.798    -22.781      0.000 4
 856  898    -24.289    -10.507      0.000 4
  -1   -2    -26.501     44.253      0.000 4
  -1  899    -24.810     -6.681      0.000 4
 859   -2    -25.044     -8.339      0.000 4
 858  903    -26.078     17.303      0.000 4
  -1   -2    -25.724      6.163      0.000 4
  -1   -2    -24.951    -20.524      0.000 4
 860  904    -27.023     30.847      0.000 4
 864  905    -25.774     -6.177      0.000 4
 862  908    -26.141      2.573      0.000 4
  -1   -2    -26.813     20.017      0.000 4
 863  911    -26.792     15.420      0.000 4
 867  910    -26.264     -2.808      0.000 4
  -1   -2    -28.256     49.385      0.000 4
 868  913    -26.534     -0.964      0.000 4
  -1   -2    -26.186    -14.769      0.000 4
 872  916    -28.281     41.162      0.000 4
  -1   -2    -26.221    -20.917      0.000 4
 875  918    -26.590    -11.676      0.000 4
 883  912    -28.209     27.876      0.000 4
  -1   -2    -28.487     35.387      0.000 4
 878  922    -28.094     23.549      0.000 4
  -1   -2    -28.437     32.903      0.000 4
 879  923    -27.494      7.057      0.000 4
 876  928    -27.464      5.153      0.000 4
 873  930    -27.331     -3.816      0.000 4
  -1   -2    -29.029     41.052      0.000 4
  -1  927    -27.199    -12.695      0.000 4
 888   -2    -27.183    -15.488      0.000 4
 884   -2    -27.803      0.538      0.000 4
 890  921    -28.631     19.544      0.000 4
  -1   -2    -27.081    -25.401      0.000 4
 886   -2    -29.517     39.174      0.000 4
  -1   -2    -27.615    -16.659      0.000 4
 887  934    -27.873    -10.939      0.000 4
 889  926    -28.253     -3.398      0.000 4
 892  929    -27.891    -13.973      0.000 4
  -1  939    -29.223     15.378      0.000 4
 894  942    -28.775     -4.803      0.000 4
 895  944    -28.891     -8.195      0.000 4
  -1  945    -29.600      5.434      0.000 4
  -1   -2    -28.644    -21.274      0.000 4
  -1   -2    -28.992    -16.274      0.000 4
  -1  953    -30.719     28.729      0.000 4
  -1   -2    -29.472     -5.175      0.000 4
  -1   -2    -29.209    -14.048      0.000 4
 898   -2    -30.163     10.484      0.000 4
 897   -2    -31.643     50.392      0.000 4
 900  952    -29.694     -4.866      0.000 4
 896   -2    -30.142      2.670      0.000 4
 901  957    -30.204      1.232      0.000 4
  -1   -2    -30.204     -3.356      0.000 4
  -1   -2    -31.480     30.514      0.000 4
 904  960    -29.974     -9.999      0.000 4
  -1   -2    -29.652    -21.706      0.000 4
  -1   -2    -30.496     -4.054      0.000 4
 908  963    -32.329     43.451      0.000 4
  -1  959    -30.302    -12.614      0.000 4
  -1   -2    -30.496    -13.992      0.000 4
 914  965    -31.320      1.460      0.000 4
 919   -2    -30.873    -12.048      0.000 4
 918   -2    -32.139      7.158      0.000 4
  -1   -2    -32.782     15.444      0.000 4
 930  964    -31.543    -16.718      0.000 4
 922  973    -33.693     39.686      0.000 4
  -1   -2    -31.261    -25.573      0.000 4
  -1  974    -33.395     27.421      0.000 4
  -1  977    -32.442     -2.336      0.000 4
 923  976    -32.172     -9.335      0.000 4
 926   -2    -32.919      7.910      0.000 4
  -1   -2    -33.905     33.123      0.000 4
  -1   -2    -34.516     48.324      0.000 4
  -1   -2    -34.245     40.023      0.000 4
  -1   -2    -32.175    -18.869      0.000 4
 925  981    -34.222     28.516      0.000 4
  -1   -2    -33.829     12.066      0.000 4
  -1   -2    -33.861     10.325      0.000 4
  -1   -2    -33.207    -11.151      0.000 4
 937  985    -35.191     36.294      0.000 4
  -1   -2    -33.384    -11.249      0.000 4
 932  989    -34.832     22.346      0.000 4
 939  982    -35.577     40.037      0.000 4
 941  988    -35.585     37.460      0.000 4
 940  990    -33.203    -26.610      0.000 4
  -1  992    -35.848     35.684      0.000 4
  -1   -2    -34.723     -3.144      0.000 4
 944  996    -36.940     43.984      0.000 4
  -1   -2    -37.106     42.432      0.000 4
  -1   -2    -35.643     -1.564      0.000 4
  -1   -2    -35.542     -5.384      0.000 4
  -1 1000    -35.704     -5.991      0.000 4
  -1   -2    -37.544     40.298      0.000 4
  -1   -2    -37.596     38.190      0.000 4
  -1 1005    -37.608     35.732      0.000 4
  -1 1007    -35.493    -21.892      0.000 4
  -1   -2    -37.683     31.618      0.000 4
  -1 1010    -35.659    -25.814      0.000 4
 950 1011    -38.587     49.814      0.000 4
  -1   -2    -37.816     17.981      0.000 4
 954 1017    -38.051     24.007      0.000 4
  -1   -2    -38.267     15.630      0.000 4
 956   -2    -36.631    -25.687      0.000 4
  -1   -2    -39.797     52.031      0.000 4
  -1 1024    -37.931      0.368      0.000 4
 958 1027    -37.131    -21.464      0.000 4
  -1   -2    -38.403      7.806      0.000 4
  -1   -2    -38.238      3.373      0.000 4
  -1 1025    -37.097    -25.346      0.000 4
  -1   -2    -39.616     34.099      0.000 4
  -1   -2    -38.759      8.993      0.000 4
  -1 1020    -38.940     12.368      0.000 4
 970 1032    -40.106     35.738      0.000 4
  -1   -2    -40.194     33.599      0.000 4
  -1   -2    -38.533    -17.061      0.000 4
  -1   -2    -39.158     -2.253      0.000 4
 977 1034    -39.132     -8.853      0.000 4
 979   -2    -38.877    -18.824      0.000 4
 978 1036    -41.572     47.313      0.000 4
  -1 1041    -38.789    -25.254      0.000 4
 973 1044    -38.880    -23.056      0.000 4
 981 1039    -39.067    -20.925      0.000 4
 982 1040    -41.855     49.840      0.000 4
  -1   -2    -40.354      5.819      0.000 4
 985   -2    -38.989    -28.835      0.000 4
 989   -2    -41.099     16.977      0.000 4
  -1   -2    -42.109     37.436      0.000 4
 993 1045    -40.360    -10.423      0.000 4
  -1 1050    -39.942    -23.711      0.000 4
  -1   -2    -41.508     14.419      0.000 4
  -1 1051    -42.626     42.188      0.000 4
  -1   -2    -41.165     -7.242      0.000 4
1000 1052    -40.590    -23.532      0.000 4
 995 1060    -40.567    -26.688      0.000 4
1002 1053    -43.743     53.127      0.000 4
  -1   -2    -41.572     -5.909      0.000 4
 996 1062    -40.628    -29.292      0.000 4
1004   -2    -41.912      1.546      0.000 4
  -1 1055    -41.372    -12.428      0.000 4
  -1   -2    -42.029      3.662      0.000 4
 999   -2    -40.860    -25.189      0.000 4
 997 1063    -40.646    -30.417      0.000 4
  -1   -2    -43.283     29.960      0.000 4
  -1   -2    -43.334     27.255      0.000 4
  -1 1064    -43.623     26.536      0.000 4
1007 1067    -44.279     43.272      0.000 4
1008 1068    -43.623     24.311      0.000 4
  -1   -2    -42.382     -8.485      0.000 4
1011 1066    -42.189    -16.143      0.000 4
  -1   -2    -44.528     36.247      0.000 4
  -1   -2    -41.831    -31.525      0.000 4
1012 1071    -45.156     39.094      0.000 4
  -1   -2    -44.665     26.217      0.000 4
  -1   -2    -43.722      0.251      0.000 4
  -1   -2    -44.907     23.803      0.000 4
1016 1073    -45.937     32.588      0.000 4
  -1   -2    -43.840    -24.947      0.000 4
  -1   -2    -44.544    -23.215      0.000 4
  -1   -2    -44.626    -21.619      0.000 4
  -1   -2    -44.744    -24.366      0.000 4
  -1   -2    -45.615     -6.566      0.000 4
1021 1080    -46.400      7.898      0.000 4
1022 1081    -44.867    -29.625      0.000 4
  -1   -2    -46.827     16.185      0.000 4
  -1   -2    -46.586      3.806      0.000 4
  -1 1086    -45.423    -25.367      0.000 4
1026 1084    -46.747      5.841      0.000 4
  -1   -2    -46.704      1.487      0.000 4
  -1   -2    -48.291     27.261      0.000 4
  -1 1088    -49.526     52.935      0.000 4
1032 1089    -46.793    -30.017      0.000 4
1033 1090    -48.567      7.746      0.000 4
1031   -2    -47.631    -19.556      0.000 4
  -1   -2    -48.605     -2.798      0.000 4
1035   -2    -47.486    -29.795      0.000 4
1037 1093    -50.053     30.114      0.000 4
1038   -2    -49.455      9.315      0.000 4
1039   -2    -49.542      7.696      0.000 4
1040 1095    -49.496      1.708      0.000 4
1041 1097    -48.663    -19.376      0.000 4
  -1   -2    -50.493     16.375      0.000 4
1043 1099    -49.607     -6.462      0.000 4
1044 1100    -49.963     -0.216      0.000 4
1048 1101    -49.138    -28.766      0.000 4
1045 1102    -50.583      5.451      0.000 4
1047 1103    -50.050     -8.086      0.000 4
  -1   -2    -51.662     30.302      0.000 4
  -1   -2    -52.040     33.682      0.000 4
1049 1104    -49.896    -21.214      0.000 4
1050   -2    -52.891     52.940      0.000 4
  -1 1106    -51.400      8.178      0.000 4
1052 1107    -50.696    -11.066      0.000 4
  -1 1109    -51.479      3.490      0.000 4
  -1   -2    -51.746      3.517      0.000 4
1055 1110    -50.750    -20.955      0.000 4
  -1   -2    -53.651     48.158      0.000 4
1056 1115    -51.833     -8.056      0.000 4
1058   -2    -53.393     18.714      0.000 4
1059 1119    -54.080     30.614      0.000 4
1060   -2    -55.495     39.333      0.000 4
  -1   -2    -55.955     28.844      0.000 4
1062 1124    -56.409     36.571      0.000 4
1063 1123    -56.093     25.510      0.000 4
  -1   -2    -56.105     17.889      0.000 4
  -1   -2    -56.833     34.209      0.000 4
1065 1126    -56.215     16.501      0.000 4
1066 1127    -56.478     20.522      0.000 4
1067 1128    -56.492     20.213      0.000 4
1068 1129    -56.516     19.713      0.000 4
1070 1130    -56.479     18.795      0.000 4
1071 1131    -54.585    -28.412      0.000 4
1069 1132    -56.581     17.799      0.000 4
1072 1133    -56.610     16.585      0.000 4
1074 1136    -57.453     32.623      0.000 4
  -1   -2    -58.131     46.661      0.000 4
1075   -2    -57.119     20.350      0.000 4
1077 1140    -58.321     49.542      0.000 4
1076 1138    -57.153     19.688      0.000 4
1079 1141    -57.206     17.450      0.000 4
1081   -2    -57.242     14.721      0.000 4
1082 1143    -58.452     41.483      0.000 4
1083 1145    -55.685    -28.049      0.000 4
  -1   -2    -56.755    -10.503      0.000 4
1085 1146    -58.508     20.381      0.000 4
1086 1153    -57.048    -22.936      0.000 4
1087 1147    -59.465     31.463      0.000 4
1089 1149    -59.864     38.207      0.000 4
1091 1152    -59.803     33.921      0.000 4
  -1   -2    -59.820     34.128      0.000 4
1093 1154    -58.970      5.699      0.000 4
1096 1155    -60.309     36.559      0.000 4
1097 1156    -59.804     23.908      0.000 4
1095 1158    -58.057    -18.069      0.000 4
1094 1159    -57.710    -26.125      0.000 4
1099 1161    -57.692    -27.094      0.000 4
1098 1160    -57.619    -30.030      0.000 4
1101 1162    -60.198     29.437      0.000 4
1100 1165    -58.577    -11.630      0.000 4
  -1 1164    -60.362     29.628      0.000 4
1104 1167    -59.610      3.646      0.000 4
1105 1168    -58.585    -22.504      0.000 4
1106 1172    -59.124    -13.725      0.000 4
1107 1171    -60.502     18.654      0.000 4
1108 1170    -61.101     32.068      0.000 4
1109 1173    -60.198      5.222      0.000 4
1110   -2    -59.528    -14.106      0.000 4
1111 1176    -60.382      3.409      0.000 4
1112   -2    -59.484    -23.978      0.000 4
1113 1178    -60.293     -7.443      0.000 4
1118 1177    -62.462     43.407      0.000 4
  -1   -2    -60.548     -2.781      0.000 4
1114 1179    -60.028    -16.221      0.000 4
1115 1180    -60.998      5.268      0.000 4
1116 1182    -60.416     -9.389      0.000 4
1117 1183    -60.283    -12.978      0.000 4
1119 1181    -61.971     25.088      0.000 4
1121 1184    -63.013     46.358      0.000 4
1120 1185    -61.061     -1.497      0.000 4
1122 1187    -61.763     10.339      0.000 4
1124 1186    -62.111     18.209      0.000 4
1123 1189    -60.645    -16.520      0.000 4
  -1 1190    -60.948    -12.488      0.000 4
1125 1191    -61.907      7.508      0.000 4
1126 1193    -63.393     35.401      0.000 4
1128   -2    -61.936    -13.390      0.000 4
1133 1196    -63.827     27.567      0.000 4
1132 1197    -64.176     35.195      0.000 4
1129 1200    -63.246     12.453      0.000 4
1134 1199    -64.838     49.236      0.000 4
1136 1201    -64.529     40.569      0.000 4
1131 1202    -63.049      4.804      0.000 4
1137 1203    -62.895     -2.395      0.000 4
1139 1204    -62.154    -22.212      0.000 4
1141 1206    -63.923     13.030      0.000 4
  -1 1205    -64.206     18.639      0.000 4
1144 1207    -62.478    -25.749      0.000 4
1143 1209    -62.924    -15.789      0.000 4
  -1   -2    -63.917      6.164      0.000 4
  -1 1211    -63.356     -7.799      0.000 4
1147 1208    -64.905     27.340      0.000 4
  -1   -2    -63.539     -7.606      0.000 4
1149   -2    -64.768     15.205      0.000 4
1151 1212    -65.136     20.857      0.000 4
1150 1213    -63.345    -21.011      0.000 4
1152 1215    -64.822      9.249      0.000 4
1154 1214    -63.317    -25.536      0.000 4
1153 1217    -64.771      7.252      0.000 4
1155 1216    -64.612      3.096      0.000 4
  -1   -2    -65.218     14.557      0.000 4
  -1 1218    -66.656     48.961      0.000 4
1158 1219    -65.608     21.358      0.000 4
1160 1220    -66.160     30.745      0.000 4
  -1   -2    -66.461     37.952      0.000 4
  -1   -2    -64.074    -21.882      0.000 4
1161 1224    -64.983     -2.632      0.000 4
1162 1225    -64.955     -5.197      0.000 4
1163 1228    -64.821    -12.597      0.000 4
1164 1226    -65.996     14.289      0.000 4
1165 1229    -64.542    -19.460      0.000 4
1166 1232    -64.671    -18.107      0.000 4
1169 1227    -66.617     26.502      0.000 4
1167 1233    -65.485     -0.657      0.000 4
  -1   -2    -65.053    -11.940      0.000 4
1171 1230    -66.956     31.748      0.000 4
1168 1235    -66.080     10.276      0.000 4
1170 1234    -64.755    -20.680      0.000 4
  -1   -2    -65.296    -13.361      0.000 4
1173 1237    -65.411    -11.604      0.000 4
1174 1236    -66.902     22.337      0.000 4
1175 1240    -66.634     10.803      0.000 4
1176 1239    -66.743     13.219      0.000 4
1177 1241    -66.581      6.615      0.000 4
1179 1242    -65.472    -21.962      0.000 4
1178 1243    -66.647      3.941      0.000 4
1180 1244    -66.074    -11.962      0.000 4
1181 1246    -66.446    -14.043      0.000 4
1182 1247    -67.044     -2.633      0.000 4
  -1 1248    -67.004     -9.493      0.000 4
1183 1249    -66.646    -21.958      0.000 4
1184 1250    -67.218    -10.839      0.000 4
  -1   -2    -66.811    -21.233      0.000 4
1185 1251    -67.149    -19.304      0.000 4
