1179
  -1    0     51.614     32.738      0.000
  -1    3     50.547     41.359      0.000
  -1   -2     50.758     29.631      0.000
  -1    6     50.037     41.940      0.000
  -1    7     50.728      7.946      0.000
  -1    8     50.537     14.069      0.000
  -1    9     50.403     16.011      0.000
  -1   -2     50.406      4.842      0.000
  -1   11     50.305      5.829      0.000
  -1   12     50.049     10.120      0.000
  -1   14     50.197    -13.039      0.000
  -1   16     49.111     23.460      0.000
  -1   -2     49.720     -1.764      0.000
  -1   17     49.375      7.921      0.000
  -1   18     48.550     38.469      0.000
  -1   -2     50.034    -21.178      0.000
  -1   19     48.350     31.749      0.000
  -1   -2     49.810    -30.152      0.000
  -1   21     48.599     13.786      0.000
  -1   23     48.047     26.949      0.000
  -1   22     48.728     -7.518      0.000
  -1   -2     48.577     -5.646      0.000
  -1   25     47.422     34.324      0.000
  -1   -2     47.093     27.017      0.000
  -1   -2     47.565      3.003      0.000
  -1   -2     46.411     46.138      0.000
  -1   -2     47.569     -3.442      0.000
  -1   -2     46.468     29.799      0.000
  -1   -2     46.477     21.898      0.000
  -1   -2     46.805      6.069      0.000
  -1   33     46.069     21.385      0.000
  -1   -2     46.320     10.807      0.000
  -1   -2     46.170     13.571      0.000
  -1   -2     45.224     46.072      0.000
  -1   -2     46.482     -9.368      0.000
  -1   -2     46.046     -0.900      0.000
  -1   -2     45.641     10.438      0.000
  -1   -2     45.287     23.277      0.000
  -1   -2     45.506     12.835      0.000
  -1   -2     45.820     -1.307      0.000
  -1   -2     44.829     22.901      0.000
  -1   46     44.423     27.677      0.000
  -1   -2     45.434    -13.014      0.000
  -1   -2     43.682     46.922      0.000
  -1   -2     45.026    -14.414      0.000
  -1   -2     43.160     50.865      0.000
  -1   -2     44.813    -22.457      0.000
  -1   -2     43.191     35.829      0.000
  -1   -2     44.173     -1.931      0.000
  -1   52     43.412     17.390      0.000
  -1   56     42.908     27.699      0.000
  -1   59     41.632     52.858      0.000
  -1   -2     42.477     17.218      0.000
  -1   -2     43.372    -25.104      0.000
  -1   -2     41.497     33.190      0.000
  -1   -2     42.539     -6.018      0.000
  -1   -2     40.941     50.492      0.000
  -1   -2     40.832     48.720      0.000
  -1   -2     40.727     45.263      0.000
  -1   -2     40.572     41.167      0.000
  -1   -2     40.548     39.499      0.000
  -1   -2     40.446     38.522      0.000
  -1   68     40.095     48.772      0.000
  -1   70     40.369     35.294      0.000
  -1   -2     39.995     26.289      0.000
  -1   -2     39.690     20.431      0.000
  -1   -2     39.714     19.488      0.000
  -1   -2     39.732     18.087      0.000
  -1   -2     39.725     12.591      0.000
  -1   73     39.398     22.523      0.000
  -1   74     39.487     15.588      0.000
  -1   75     40.486    -22.392      0.000
  -1   76     39.494     11.698      0.000
  -1   78     39.386     13.576      0.000
  -1   -2     39.362     14.049      0.000
  -1   -2     39.442     10.422      0.000
  -1   -2     39.336      7.193      0.000
  -1   83     39.273      2.102      0.000
  -1   -2     39.151      5.251      0.000
  -1   85     38.617     22.526      0.000
  -1   -2     39.171      2.287      0.000
  -1   86     39.136      3.067      0.000
  -1   89     39.032      1.190      0.000
  -1   90     38.976     -2.302      0.000
  -1   -2     38.947     -2.729      0.000
  -1   91     38.875     -0.299      0.000
  -1   -2     38.856     -3.404      0.000
  -1   -2     37.392     48.453      0.000
  -1   -2     38.728     -6.168      0.000
  -1   -2     38.670     -5.446      0.000
  -1  100     38.159     11.418      0.000
  -1   99     38.652     -7.435      0.000
  -1   -2     38.661     -8.997      0.000
  -1  103     36.954     52.050      0.000
  -1  101     36.890     52.773      0.000
  -1   -2     37.161     37.373      0.000
  -1   -2     38.480    -15.245      0.000
  -1   -2     37.198     27.636      0.000
  -1  111     37.361     13.485      0.000
  -1  109     37.316     11.418      0.000
  -1   -2     36.658     27.753      0.000
  -1   -2     38.134    -29.767      0.000
  -1  115     35.626     34.593      0.000
  -1  116     34.953     52.107      0.000
  -1   -2     34.890     51.182      0.000
  -1  118     35.413     25.853      0.000
  -1   -2     35.902     -0.759      0.000
  -1  119     35.855     -3.072      0.000
  -1   -2     36.216    -18.003      0.000
  -1  120     34.862     16.841      0.000
  -1   -2     35.129      2.635      0.000
  -1  122     35.296     -3.729      0.000
  -1  123     33.802     32.019      0.000
  -1   -2     34.809     -7.557      0.000
  -1  126     33.976     -0.865      0.000
  -1   -2     33.950     -1.840      0.000
  -1   -2     34.227    -22.983      0.000
  -1  129     34.274    -25.095      0.000
  -1  130     33.627     -3.388      0.000
  -1   -2     31.764     48.755      0.000
  -1  132     33.564    -27.418      0.000
  -1  134     32.852     -7.390      0.000
  -1  135     33.427    -28.568      0.000
  -1  136     32.647     -3.292      0.000
  -1   -2     31.499     36.100      0.000
  -1   -2     31.143     46.651      0.000
  -1   -2     31.165     44.638      0.000
  -1  137     31.318     35.242      0.000
  -1  138     32.932    -26.033      0.000
  -1  139     32.906    -26.705      0.000
  -1   -2     31.067     27.983      0.000
  -1  141     32.784    -31.234      0.000
  -1  143     32.403    -25.081      0.000
  -1  146     32.148    -26.655      0.000
  -1   -2     30.443     30.903      0.000
  -1  145     29.822     50.888      0.000
  -1   -2     29.717     47.165      0.000
  -1  148     29.527     38.143      0.000
  -1   -2     29.431     35.549      0.000
  -1  149     28.612     46.977      0.000
  -1   -2     29.360     10.840      0.000
  -1   -2     28.638     35.545      0.000
  -1  153     28.917     18.630      0.000
  -1   -2     29.812    -21.632      0.000
  -1   -2     28.305     24.770      0.000
  -1   -2     28.709     10.152      0.000
  -1   -2     27.596     45.111      0.000
  -1   -2     29.280    -23.298      0.000
  -1   -2     28.394      1.885      0.000
  -1  163     28.990    -26.656      0.000
  -1   -2     28.566    -12.791      0.000
  -1   -2     28.919    -27.550      0.000
  -1   -2     28.871    -28.472      0.000
  -1   -2     26.610     40.425      0.000
  -1   -2     28.053     -8.573      0.000
  -1  165     27.147     17.796      0.000
  -1   -2     28.470    -26.610      0.000
  -1  167     26.959     20.169      0.000
  -1  168     27.426      1.869      0.000
  -1   -2     27.456     -7.000      0.000
  -1   -2     27.497    -13.820      0.000
  -1   -2     27.646    -20.287      0.000
  -1   -2     26.884     -2.020      0.000
  -1   -2     27.264    -15.719      0.000
  -1   -2     25.455     44.123      0.000
  -1  176     25.728     34.301      0.000
  -1  175     24.912     51.483      0.000
  -1   -2     26.793    -13.586      0.000
  -1   -2     27.229    -28.679      0.000
  -1  172     26.746    -15.577      0.000
  -1  178     26.191     -2.805      0.000
  -1   -2     26.731    -28.501      0.000
  -1   -2     26.039     -7.929      0.000
  -1   -2     26.040     -8.396      0.000
  -1  180     25.664      1.324      0.000
  -1  181     24.897     18.657      0.000
  -1  183     24.768     22.640      0.000
  -1   -2     25.756    -11.840      0.000
  -1   -2     25.495     -6.433      0.000
  -1   -2     25.648    -12.071      0.000
  -1   -2     26.117    -27.557      0.000
  -1  184     24.790     14.096      0.000
  -1  182     25.312     -7.859      0.000
  -1   -2     23.766     43.927      0.000
  -1   -2     24.180     27.436      0.000
  -1  186     23.819     39.390      0.000
  -1   -2     24.151     26.074      0.000
  -1   -2     23.349     51.500      0.000
  -1   -2     24.243     20.695      0.000
  -1   -2     24.977     -8.195      0.000
  -1  191     24.709     -3.805      0.000
  -1  195     23.605     29.665      0.000
  -1   -2     24.498     -0.186      0.000
  -1   -2     25.057    -23.663      0.000
  -1  193     24.435     -5.264      0.000
  -1   -2     24.037      6.471      0.000
  -1   -2     24.512    -12.850      0.000
  -1   -2     23.602     11.607      0.000
  -1  197     23.481     15.634      0.000
  -1  203     23.500      9.875      0.000
  -1  201     22.340     48.759      0.000
  -1   -2     24.026    -10.189      0.000
  -1   -2     22.133     52.531      0.000
  -1   -2     24.253    -24.008      0.000
  -1  200     23.740     -9.222      0.000
  -1   -2     22.080     39.602      0.000
  -1   -2     23.168     -3.179      0.000
  -1   -2     23.328    -12.264      0.000
  -1  213     22.786     -3.324      0.000
  -1   -2     22.700     -0.723      0.000
  -1   -2     22.882    -15.515      0.000
  -1   -2     20.902     48.654      0.000
  -1   -2     21.760     17.519      0.000
  -1   -2     22.707    -13.722      0.000
  -1   -2     22.746    -16.111      0.000
  -1   -2     21.663     17.139      0.000
  -1   -2     22.312    -17.270      0.000
  -1   -2     20.248     48.896      0.000
  -1   -2     22.514    -27.685      0.000
  -1   -2     21.950    -12.020      0.000
  -1  221     21.706     -5.084      0.000
  -1   -2     21.025     14.836      0.000
  -1   -2     21.740     -8.869      0.000
  -1   -2     21.348     -2.282      0.000
  -1  230     20.346     30.005      0.000
  -1  227     21.902    -26.825      0.000
  -1  229     20.386     21.382      0.000
  -1   -2     19.982     33.708      0.000
  -1  237     20.638      8.753      0.000
  -1   -2     21.216    -10.538      0.000
  -1   -2     19.517     42.757      0.000
  -1   -2     21.169    -11.611      0.000
  -1  232     20.884     -3.977      0.000
  -1   -2     21.008     -9.018      0.000
  -1   -2     20.739     -2.102      0.000
  -1   -2     20.857     -8.767      0.000
  -1   -2     20.724     -7.072      0.000
  -1   -2     20.308      5.593      0.000
  -1   -2     20.863    -12.795      0.000
  -1  241     21.363    -29.575      0.000
  -1   -2     20.025     11.401      0.000
  -1   -2     20.852    -16.198      0.000
  -1  231     20.666    -12.527      0.000
  -1  247     18.690     51.927      0.000
  -1  244     21.134    -28.772      0.000
  -1   -2     20.270     -2.206      0.000
  -1  238     20.481     -9.286      0.000
  -1  252     18.926     30.003      0.000
  -1  249     18.878     31.437      0.000
  -1  253     20.289    -20.805      0.000
  -1   -2     19.642     -5.970      0.000
  -1   -2     18.653     23.377      0.000
  -1   -2     19.405     -7.278      0.000
  -1  254     19.725    -18.159      0.000
  -1   -2     19.116     -0.197      0.000
  -1   -2     18.367     15.411      0.000
  -1   -2     19.325    -16.501      0.000
  -1   -2     18.896     -5.391      0.000
  -1  262     17.490     38.696      0.000
  -1  263     19.493    -26.950      0.000
  -1  265     18.643     -1.151      0.000
  -1   -2     19.405    -25.494      0.000
  -1  264     17.611     30.813      0.000
  -1   -2     18.894    -10.919      0.000
  -1   -2     17.641     27.515      0.000
  -1  257     18.856    -12.273      0.000
  -1   -2     17.302     36.697      0.000
  -1   -2     19.242    -26.417      0.000
  -1   -2     19.200    -26.875      0.000
  -1   -2     18.848    -17.858      0.000
  -1   -2     18.271     -2.627      0.000
  -1   -2     19.042    -29.754      0.000
  -1   -2     17.677     11.126      0.000
  -1  270     17.212     25.568      0.000
  -1  271     18.702    -26.825      0.000
  -1   -2     18.349    -17.955      0.000
  -1  276     17.550      3.830      0.000
  -1  275     18.535    -28.670      0.000
  -1   -2     17.904    -11.507      0.000
  -1  281     16.002     48.913      0.000
  -1  279     15.948     49.538      0.000
  -1  274     16.376     33.862      0.000
  -1  284     15.667     52.149      0.000
  -1   -2     17.654    -12.592      0.000
  -1   -2     15.841     45.919      0.000
  -1  272     17.607    -15.850      0.000
  -1   -2     17.926    -26.719      0.000
  -1  282     15.802     39.200      0.000
  -1  283     16.195     25.854      0.000
  -1   -2     17.078     -6.202      0.000
  -1   -2     16.816      1.758      0.000
  -1   -2     15.587     41.078      0.000
  -1   -2     15.604     40.322      0.000
  -1  285     17.742    -28.226      0.000
  -1   -2     15.866     28.422      0.000
  -1  286     16.964     -6.834      0.000
  -1  289     16.332     11.888      0.000
  -1   -2     16.609      1.176      0.000
  -1  287     15.381     40.411      0.000
  -1   -2     17.490    -27.236      0.000
  -1   -2     16.334      8.864      0.000
  -1   -2     15.462     36.766      0.000
  -1   -2     16.187     10.068      0.000
  -1   -2     16.364      2.405      0.000
  -1   -2     15.581     26.358      0.000
  -1   -2     14.885     46.203      0.000
  -1   -2     16.834    -18.863      0.000
  -1  300     15.688     16.880      0.000
  -1  299     17.031    -26.993      0.000
  -1   -2     16.789    -20.529      0.000
  -1   -2     14.901     30.304      0.000
  -1   -2     14.130     45.625      0.000
  -1  296     16.472    -29.873      0.000
  -1  302     15.972    -14.908      0.000
  -1  309     14.646     25.809      0.000
  -1   -2     14.788     20.268      0.000
  -1   -2     16.204    -25.065      0.000
  -1  311     14.806     18.269      0.000
  -1   -2     15.457     -5.628      0.000
  -1  314     14.713     15.666      0.000
  -1   -2     15.518    -11.931      0.000
  -1  315     14.366     21.388      0.000
  -1   -2     14.438     15.719      0.000
  -1   -2     14.748      2.479      0.000
  -1  323     14.711      3.159      0.000
  -1  320     14.577      4.415      0.000
  -1   -2     13.786     29.706      0.000
  -1   -2     14.882     -6.429      0.000
  -1  319     14.255     12.555      0.000
  -1   -2     15.225    -21.029      0.000
  -1   -2     15.438    -28.582      0.000
  -1  316     14.877    -12.960      0.000
  -1  322     14.537     -2.546      0.000
  -1   -2     14.486     -1.478      0.000
  -1  324     14.261      5.476      0.000
  -1   -2     12.846     48.561      0.000
  -1   -2     15.028    -22.062      0.000
  -1  326     13.397     29.180      0.000
  -1   -2     13.043     36.698      0.000
  -1  328     13.912      7.807      0.000
  -1  325     14.355     -7.964      0.000
  -1  327     13.194     27.664      0.000
  -1   -2     14.367     -9.837      0.000
  -1   -2     12.685     38.712      0.000
  -1  337     13.835      1.609      0.000
  -1   -2     12.483     44.011      0.000
  -1   -2     12.977     26.159      0.000
  -1  342     13.613      2.392      0.000
  -1   -2     12.826     23.506      0.000
  -1  344     13.386      0.946      0.000
  -1   -2     14.189    -24.232      0.000
  -1   -2     14.356    -29.627      0.000
  -1   -2     12.376     30.161      0.000
  -1   -2     13.998    -23.573      0.000
  -1  348     12.907      9.076      0.000
  -1  330     13.599    -13.913      0.000
  -1  343     12.495     19.978      0.000
  -1  346     12.981      3.108      0.000
  -1   -2     12.996      1.640      0.000
  -1  338     13.310     -9.312      0.000
  -1   -2     13.762    -28.809      0.000
  -1  354     11.881     28.753      0.000
  -1  355     12.701      0.114      0.000
  -1   -2     11.690     31.844      0.000
  -1  356     12.599      0.599      0.000
  -1  353     11.804     25.650      0.000
  -1  359     11.874     19.908      0.000
  -1   -2     13.447    -29.658      0.000
  -1  360     12.578     -3.780      0.000
  -1   -2     11.541     23.081      0.000
  -1   -2     12.008      7.679      0.000
  -1  365     11.462     22.092      0.000
  -1  364     11.355     23.143      0.000
  -1   -2     12.265     -5.547      0.000
  -1  366     11.511     16.431      0.000
  -1   -2     11.401     13.411      0.000
  -1   -2     12.116    -11.582      0.000
  -1   -2     11.026     21.707      0.000
  -1   -2     12.298    -21.869      0.000
  -1  373     11.025     15.454      0.000
  -1  378     10.107     42.124      0.000
  -1   -2     10.020     44.400      0.000
  -1  377     11.402     -0.009      0.000
  -1   -2     12.327    -29.702      0.000
  -1   -2     10.414     28.288      0.000
  -1   -2     11.719    -12.664      0.000
  -1  385     10.099     33.778      0.000
  -1  382     11.231     -2.856      0.000
  -1  381     10.486     20.259      0.000
  -1   -2     10.733      8.338      0.000
  -1  376     10.091     28.316      0.000
  -1   -2     10.283     21.218      0.000
  -1   -2     10.700      7.579      0.000
  -1  387     11.786    -28.598      0.000
  -1   -2     10.996     -7.695      0.000
  -1  389      9.676     32.378      0.000
  -1   -2      9.339     42.477      0.000
  -1  390     10.706     -3.543      0.000
  -1   -2     11.103    -15.959      0.000
  -1   -2     10.468      0.608      0.000
  -1  386     10.746     -7.976      0.000
  -1   -2     10.276      4.982      0.000
  -1   -2     11.034    -18.589      0.000
  -1   -2     10.473     -7.713      0.000
  -1  396      9.423     24.815      0.000
  -1  397      8.942     40.018      0.000
  -1  402      8.524     51.354      0.000
  -1   -2     10.719    -20.095      0.000
  -1   -2     10.764    -23.332      0.000
  -1  400      8.657     40.684      0.000
  -1   -2     10.688    -22.911      0.000
  -1   -2     10.781    -26.856      0.000
  -1  405      9.681      3.430      0.000
  -1   -2      8.804     27.389      0.000
  -1   -2     10.012    -12.265      0.000
  -1  406      9.706     -3.558      0.000
  -1  413      8.447     35.582      0.000
  -1   -2     10.334    -28.111      0.000
  -1  408      8.670     21.723      0.000
  -1  407      9.561     -6.894      0.000
  -1   -2      9.566     -8.762      0.000
  -1   -2      9.731    -13.831      0.000
  -1  403      9.466    -13.080      0.000
  -1   -2      8.702      2.230      0.000
  -1  416      7.491     37.146      0.000
  -1  415      9.353    -22.092      0.000
  -1   -2      9.529    -29.657      0.000
  -1  418      8.101     13.282      0.000
  -1  409      8.962    -13.969      0.000
  -1  419      7.373     33.341      0.000
  -1  423      7.052     40.510      0.000
  -1  420      7.914     11.259      0.000
  -1   -2      8.645    -13.959      0.000
  -1   -2      7.746     13.091      0.000
  -1   -2      6.631     46.622      0.000
  -1  429      6.682     34.885      0.000
  -1   -2      6.669     32.956      0.000
  -1  426      7.324     10.179      0.000
  -1   -2      6.256     40.514      0.000
  -1  435      7.461     -4.370      0.000
  -1  432      6.891     12.899      0.000
  -1   -2      6.269     27.972      0.000
  -1   -2      7.861    -22.599      0.000
  -1   -2      7.787    -25.021      0.000
  -1   -2      7.857    -28.195      0.000
  -1   -2      7.437    -19.547      0.000
  -1   -2      7.761    -30.700      0.000
  -1  440      7.077    -12.709      0.000
  -1   -2      5.821     24.062      0.000
  -1   -2      7.044    -15.796      0.000
  -1   -2      6.290      6.623      0.000
  -1  445      5.859     17.653      0.000
  -1   -2      5.463     26.136      0.000
  -1   -2      6.756    -17.691      0.000
  -1  451      7.049    -28.048      0.000
  -1   -2      4.803     39.965      0.000
  -1   -2      7.018    -28.902      0.000
  -1  452      6.031     -0.339      0.000
  -1   -2      4.838     33.582      0.000
  -1   -2      6.655    -22.345      0.000
  -1  453      5.284     18.063      0.000
  -1  457      4.478     41.460      0.000
  -1   -2      4.785     30.748      0.000
  -1  454      5.904     -4.464      0.000
  -1  459      5.234     11.721      0.000
  -1  456      5.962    -11.732      0.000
  -1  461      5.509     -2.928      0.000
  -1  464      5.338     -0.332      0.000
  -1  458      5.596    -13.832      0.000
  -1  467      3.553     46.845      0.000
  -1   -2      4.200     20.959      0.000
  -1   -2      3.197     48.096      0.000
  -1  469      5.690    -28.388      0.000
  -1   -2      3.564     34.503      0.000
  -1  468      3.731     26.675      0.000
  -1  474      4.319      8.479      0.000
  -1  473      4.161      9.017      0.000
  -1   -2      5.356    -29.803      0.000
  -1   -2      2.330     49.462      0.000
  -1   -2      4.887    -28.352      0.000
  -1   -2      4.264    -15.248      0.000
  -1  481      3.583      3.620      0.000
  -1  484      3.434      4.497      0.000
  -1  480      3.716     -5.654      0.000
  -1   -2      2.650     22.179      0.000
  -1   -2      3.489     -4.735      0.000
  -1  488      2.186     31.896      0.000
  -1   -2      3.659    -14.213      0.000
  -1  494      1.571     49.317      0.000
  -1   -2      2.317     23.913      0.000
  -1   -2      3.780    -20.932      0.000
  -1   -2      2.688     11.272      0.000
  -1   -2      3.751    -22.966      0.000
  -1  492      1.303     46.351      0.000
  -1  485      3.110    -15.023      0.000
  -1  493      1.506     28.720      0.000
  -1  500      2.344      0.432      0.000
  -1   -2      2.130      4.420      0.000
  -1   -2      1.938      6.408      0.000
  -1   -2      2.797    -19.401      0.000
  -1  495      2.336     -7.404      0.000
  -1   -2      1.172     26.733      0.000
  -1  501      2.942    -28.361      0.000
  -1  503      1.267     21.128      0.000
  -1   -2      2.270    -13.694      0.000
  -1  504      1.949     -6.791      0.000
  -1   -2      1.828     -5.849      0.000
  -1  508      1.219      8.777      0.000
  -1  512      1.300     -1.065      0.000
  -1  513      0.582     17.103      0.000
  -1   -2      1.246     -4.034      0.000
  -1  516      0.975     -2.301      0.000
  -1  517      0.134     19.687      0.000
  -1   -2     -0.438     36.244      0.000
  -1  519     -0.084     24.429      0.000
  -1   -2     -0.805     42.819      0.000
  -1  523      0.414      1.445      0.000
  -1  520     -0.023     12.097      0.000
  -1   -2      0.826    -15.237      0.000
  -1   -2     -1.352     49.256      0.000
  -1   -2      1.319    -30.578      0.000
  -1   -2      1.181    -28.666      0.000
  -1   -2      1.094    -29.624      0.000
  -1   -2      0.865    -25.031      0.000
  -1   -2     -0.981     19.841      0.000
  -1   -2     -1.416     32.423      0.000
  -1   -2      0.131    -14.950      0.000
  -1   -2      0.229    -19.456      0.000
  -1  534     -1.980     45.523      0.000
  -1  530     -1.265     21.682      0.000
  -1  533     -0.417     -4.507      0.000
  -1   -2     -1.809     34.110      0.000
  -1  539     -2.355     49.928      0.000
  -1   -2     -2.276     47.440      0.000
  -1   -2     -1.980     37.651      0.000
  -1   -2     -0.186    -17.197      0.000
  -1   -2     -1.948     34.585      0.000
  -1   -2     -0.664     -3.986      0.000
  -1   -2     -1.854     27.100      0.000
  -1   -2     -1.575     18.123      0.000
  -1  540     -1.491     13.461      0.000
  -1   -2     -0.272    -22.190      0.000
  -1  542     -1.074     -3.516      0.000
  -1   -2     -1.991     22.506      0.000
  -1   -2     -0.870    -16.078      0.000
  -1   -2     -0.729    -20.790      0.000
  -1   -2     -2.728     36.703      0.000
  -1  546     -2.176     15.689      0.000
  -1   -2     -0.875    -22.364      0.000
  -1  547     -2.956     32.444      0.000
  -1  551     -1.018    -28.323      0.000
  -1   -2     -2.855     24.470      0.000
  -1  553     -2.897     22.164      0.000
  -1   -2     -1.482    -20.096      0.000
  -1  552     -3.568     36.446      0.000
  -1   -2     -2.076     -9.940      0.000
  -1   -2     -2.381     -3.318      0.000
  -1  555     -3.708     33.424      0.000
  -1   -2     -1.547    -29.865      0.000
  -1  560     -2.760      3.330      0.000
  -1   -2     -4.240     41.987      0.000
  -1   -2     -3.864     30.384      0.000
  -1   -2     -2.206    -18.582      0.000
  -1   -2     -4.131     37.433      0.000
  -1  559     -3.354     13.547      0.000
  -1   -2     -4.511     48.034      0.000
  -1   -2     -2.850     -4.121      0.000
  -1  568     -3.129      1.688      0.000
  -1   -2     -2.226    -24.649      0.000
  -1  562     -3.258      4.007      0.000
  -1   -2     -3.180      0.132      0.000
  -1  567     -4.038     18.613      0.000
  -1   -2     -4.252     22.839      0.000
  -1  570     -3.346     -4.563      0.000
  -1   -2     -2.667    -24.472      0.000
  -1  563     -3.149    -11.819      0.000
  -1  569     -4.896     39.010      0.000
  -1  571     -4.658     30.533      0.000
  -1   -2     -4.969     38.649      0.000
  -1  573     -5.187     38.930      0.000
  -1  577     -5.299     36.099      0.000
  -1  579     -5.418     35.296      0.000
  -1  582     -5.197     28.041      0.000
  -1   -2     -5.804     42.097      0.000
  -1  584     -4.548      3.114      0.000
  -1   -2     -5.082     17.800      0.000
  -1   -2     -6.304     51.982      0.000
  -1  585     -4.998     12.398      0.000
  -1   -2     -5.557     26.979      0.000
  -1   -2     -5.691     30.541      0.000
  -1   -2     -4.045    -17.506      0.000
  -1   -2     -3.984    -19.345      0.000
  -1   -2     -4.407     -7.347      0.000
  -1   -2     -5.554     25.339      0.000
  -1   -2     -5.537     20.896      0.000
  -1  592     -5.917     30.991      0.000
  -1  591     -6.075     33.046      0.000
  -1  593     -4.882     -5.547      0.000
  -1   -2     -6.224     31.373      0.000
  -1  595     -5.113     -1.704      0.000
  -1   -2     -4.130    -29.888      0.000
  -1  598     -5.674     14.173      0.000
  -1   -2     -5.092     -2.721      0.000
  -1   -2     -4.865    -11.815      0.000
  -1  604     -6.912     46.809      0.000
  -1  610     -5.945     16.468      0.000
  -1   -2     -5.036    -15.487      0.000
  -1  599     -6.700     31.309      0.000
  -1   -2     -5.531     -3.234      0.000
  -1   -2     -5.287    -17.753      0.000
  -1  606     -5.726     -5.436      0.000
  -1  603     -5.725     -8.462      0.000
  -1   -2     -7.217     31.537      0.000
  -1   -2     -5.507    -18.980      0.000
  -1   -2     -6.799     17.897      0.000
  -1  614     -6.596      5.454      0.000
  -1   -2     -5.412    -30.204      0.000
  -1   -2     -7.405     25.478      0.000
  -1  611     -7.929     38.967      0.000
  -1   -2     -5.928    -19.415      0.000
  -1   -2     -5.881    -25.077      0.000
  -1   -2     -7.809     29.363      0.000
  -1  618     -7.771     27.005      0.000
  -1  617     -6.569     -8.961      0.000
  -1  625     -7.017      3.606      0.000
  -1   -2     -7.614     15.498      0.000
  -1  622     -7.394      7.420      0.000
  -1   -2     -6.785    -12.005      0.000
  -1  619     -8.555     38.525      0.000
  -1   -2     -7.359      2.275      0.000
  -1  628     -7.646      9.478      0.000
  -1   -2     -7.823      6.316      0.000
  -1  630     -6.574    -29.927      0.000
  -1  632     -6.709    -29.390      0.000
  -1  636     -8.933     32.292      0.000
  -1  634     -9.115     36.064      0.000
  -1   -2     -7.417    -13.979      0.000
  -1   -2     -9.275     39.808      0.000
  -1   -2     -7.935      0.486      0.000
  -1   -2     -7.510    -12.842      0.000
  -1  635     -7.742     -8.903      0.000
  -1  639     -7.836     -7.170      0.000
  -1   -2     -9.773     48.314      0.000
  -1  642     -8.134     -4.283      0.000
  -1  646     -9.913     47.371      0.000
  -1   -2     -7.753    -18.534      0.000
  -1  648     -9.045     11.671      0.000
  -1   -2     -7.930    -20.175      0.000
  -1  647    -10.117     41.676      0.000
  -1  649     -9.768     30.876      0.000
  -1  654    -10.381     45.901      0.000
  -1   -2     -8.167    -18.637      0.000
  -1  650     -9.827     25.318      0.000
  -1  655     -9.548     10.625      0.000
  -1   -2    -10.422     34.856      0.000
  -1   -2     -8.671    -19.692      0.000
  -1   -2     -9.414     -4.057      0.000
  -1   -2    -11.334     48.867      0.000
  -1  657    -10.020      9.258      0.000
  -1   -2    -11.076     39.843      0.000
  -1   -2     -8.963    -23.047      0.000
  -1   -2    -10.925     31.962      0.000
  -1  661    -10.523     20.096      0.000
  -1  659     -9.521     -9.463      0.000
  -1  664    -10.636     19.100      0.000
  -1   -2     -9.721     -8.423      0.000
  -1   -2    -11.474     37.796      0.000
  -1   -2    -10.790     14.134      0.000
  -1   -2     -9.860    -15.961      0.000
  -1   -2     -9.803    -19.356      0.000
  -1  671    -10.617      2.113      0.000
  -1   -2    -11.025     13.684      0.000
  -1   -2    -12.245     48.334      0.000
  -1   -2    -10.366     -8.140      0.000
  -1   -2    -11.509     21.371      0.000
  -1  674    -10.951      4.453      0.000
  -1  672    -12.065     36.038      0.000
  -1   -2    -11.304     12.827      0.000
  -1   -2    -10.166    -20.612      0.000
  -1   -2    -11.195      6.885      0.000
  -1  675    -12.056     30.575      0.000
  -1  681    -11.410     11.659      0.000
  -1  676    -12.471     42.254      0.000
  -1  683    -12.052     25.488      0.000
  -1  678    -10.877     -8.171      0.000
  -1   -2    -10.865    -11.320      0.000
  -1   -2    -10.309    -29.205      0.000
  -1   -2    -11.811     11.239      0.000
  -1   -2    -12.995     45.357      0.000
  -1   -2    -11.126    -10.249      0.000
  -1   -2    -11.388     -8.273      0.000
  -1  688    -13.240     42.828      0.000
  -1   -2    -11.235    -14.962      0.000
  -1   -2    -11.669     -5.340      0.000
  -1   -2    -12.479      8.706      0.000
  -1  690    -12.431      7.236      0.000
  -1   -2    -11.586    -18.869      0.000
  -1   -2    -11.344    -27.675      0.000
  -1  691    -12.002     -9.884      0.000
  -1   -2    -11.500    -24.780      0.000
  -1  692    -13.782     38.679      0.000
  -1  696    -14.137     46.257      0.000
  -1  697    -13.652     30.806      0.000
  -1   -2    -11.770    -23.289      0.000
  -1   -2    -12.893      6.042      0.000
  -1  701    -12.899      3.741      0.000
  -1  695    -12.445    -10.120      0.000
  -1  705    -13.857     20.851      0.000
  -1   -2    -14.150     25.898      0.000
  -1  704    -13.909     16.815      0.000
  -1  707    -13.391     -4.274      0.000
  -1   -2    -13.499     -1.884      0.000
  -1  709    -15.080     43.056      0.000
  -1  706    -13.804      6.310      0.000
  -1  700    -13.161    -14.519      0.000
  -1  710    -13.528     -8.178      0.000
  -1  717    -14.505     13.538      0.000
  -1  715    -14.207      3.685      0.000
  -1   -2    -15.376     32.133      0.000
  -1  722    -15.288     26.873      0.000
  -1  725    -15.818     41.698      0.000
  -1   -2    -14.274     -3.130      0.000
  -1   -2    -13.479    -25.006      0.000
  -1   -2    -14.465      0.812      0.000
  -1  720    -14.892     11.482      0.000
  -1   -2    -14.576      0.189      0.000
  -1  731    -15.268     18.908      0.000
  -1   -2    -15.643     29.267      0.000
  -1   -2    -13.656    -26.520      0.000
  -1  716    -14.066    -15.830      0.000
  -1  724    -14.428     -5.952      0.000
  -1   -2    -16.203     43.159      0.000
  -1   -2    -14.869      3.385      0.000
  -1  727    -15.996     34.621      0.000
  -1  728    -15.205      9.061      0.000
  -1   -2    -14.310    -15.748      0.000
  -1   -2    -13.849    -29.066      0.000
  -1   -2    -15.279      8.489      0.000
  -1   -2    -13.969    -27.662      0.000
  -1  734    -15.261      3.842      0.000
  -1  735    -15.192      0.278      0.000
  -1   -2    -16.060     22.975      0.000
  -1   -2    -16.936     44.347      0.000
  -1   -2    -15.195     -7.670      0.000
  -1   -2    -15.753      5.513      0.000
  -1   -2    -16.646     28.876      0.000
  -1  741    -16.176     13.306      0.000
  -1   -2    -17.114     35.815      0.000
  -1  743    -17.389     39.646      0.000
  -1  744    -16.649     16.760      0.000
  -1   -2    -16.463      9.656      0.000
  -1  745    -16.201     -0.288      0.000
  -1  747    -17.835     45.592      0.000
  -1  751    -17.557     31.052      0.000
  -1   -2    -16.767      8.265      0.000
  -1  752    -17.582     29.632      0.000
  -1  753    -16.546     -2.093      0.000
  -1   -2    -16.506     -5.904      0.000
  -1   -2    -18.297     41.640      0.000
  -1  755    -17.680     23.346      0.000
  -1  748    -16.309    -15.615      0.000
  -1  757    -17.406     11.176      0.000
  -1  758    -16.632    -12.471      0.000
  -1  762    -16.851     -7.957      0.000
  -1  764    -17.104     -1.378      0.000
  -1  761    -17.413      5.563      0.000
  -1   -2    -18.854     45.274      0.000
  -1   -2    -18.361     31.056      0.000
  -1  766    -16.426    -27.500      0.000
  -1  767    -17.308     -4.207      0.000
  -1   -2    -18.073     13.595      0.000
  -1   -2    -17.051    -18.545      0.000
  -1   -2    -18.556     20.641      0.000
  -1  772    -19.180     32.395      0.000
  -1   -2    -18.319      6.531      0.000
  -1  774    -18.833     19.887      0.000
  -1   -2    -19.404     34.597      0.000
  -1  775    -19.375     30.328      0.000
  -1  773    -19.590     34.707      0.000
  -1   -2    -19.693     37.289      0.000
  -1  782    -19.787     38.994      0.000
  -1  777    -18.451     -0.573      0.000
  -1  780    -19.194     18.064      0.000
  -1  779    -18.870      5.436      0.000
  -1  785    -20.457     44.726      0.000
  -1   -2    -18.515     -9.592      0.000
  -1  784    -18.789     -2.230      0.000
  -1  783    -18.954      1.452      0.000
  -1   -2    -20.067     21.166      0.000
  -1   -2    -18.842    -15.790      0.000
  -1  787    -20.315     22.244      0.000
  -1   -2    -20.698     30.701      0.000
  -1   -2    -19.235    -12.107      0.000
  -1   -2    -19.024    -18.248      0.000
  -1  789    -19.544     -8.218      0.000
  -1  791    -20.687     20.064      0.000
  -1  794    -21.255     36.023      0.000
  -1   -2    -19.688     -7.436      0.000
  -1  793    -21.791     47.754      0.000
  -1   -2    -21.800     44.431      0.000
  -1  799    -20.731     11.596      0.000
  -1   -2    -20.746      5.720      0.000
  -1   -2    -19.632    -25.276      0.000
  -1  801    -20.825      6.495      0.000
  -1  804    -20.274    -14.535      0.000
  -1   -2    -21.516     18.055      0.000
  -1  808    -20.860     -2.983      0.000
  -1   -2    -20.348    -22.352      0.000
  -1  816    -22.803     43.768      0.000
  -1  812    -21.910     18.085      0.000
  -1   -2    -22.650     38.812      0.000
  -1   -2    -22.226     24.145      0.000
  -1  815    -21.794     10.507      0.000
  -1   -2    -21.845     11.588      0.000
  -1   -2    -21.972     12.933      0.000
  -1   -2    -21.199    -10.825      0.000
  -1   -2    -21.957      5.700      0.000
  -1  817    -21.500     -7.018      0.000
  -1  821    -22.557     19.845      0.000
  -1  820    -22.666     22.587      0.000
  -1   -2    -23.494     44.339      0.000
  -1   -2    -22.090      5.113      0.000
  -1  809    -21.221    -19.034      0.000
  -1   -2    -21.719     -5.925      0.000
  -1   -2    -21.262    -19.740      0.000
  -1  822    -22.873     21.559      0.000
  -1  825    -22.680     11.492      0.000
  -1  830    -22.380      2.280      0.000
  -1   -2    -23.049     20.057      0.000
  -1  826    -22.831      9.698      0.000
  -1  831    -22.561      0.418      0.000
  -1   -2    -23.901     35.889      0.000
  -1   -2    -22.358     -9.053      0.000
  -1   -2    -24.354     40.944      0.000
  -1  840    -22.601     -7.186      0.000
  -1   -2    -24.486     43.083      0.000
  -1  833    -24.027     29.788      0.000
  -1  832    -22.631     -8.481      0.000
  -1   -2    -23.622     16.755      0.000
  -1  839    -24.546     41.531      0.000
  -1  834    -22.733     -9.835      0.000
  -1   -2    -24.548     38.901      0.000
  -1  838    -23.394      4.890      0.000
  -1   -2    -23.781     11.984      0.000
  -1   -2    -22.801    -14.405      0.000
  -1  844    -24.174     18.147      0.000
  -1  845    -24.441     22.366      0.000
  -1  843    -22.522    -29.237      0.000
  -1   -2    -23.943      5.923      0.000
  -1  846    -24.383     17.703      0.000
  -1   -2    -22.816    -27.671      0.000
  -1  850    -23.999      1.822      0.000
  -1  848    -23.525    -11.743      0.000
  -1  842    -23.237    -20.061      0.000
  -1   -2    -25.966     44.913      0.000
  -1   -2    -24.468      1.773      0.000
  -1   -2    -24.958     13.411      0.000
  -1   -2    -24.873     -4.979      0.000
  -1  858    -25.710     17.207      0.000
  -1  859    -24.997     -7.790      0.000
  -1  860    -26.594     30.743      0.000
  -1   -2    -24.735    -19.989      0.000
  -1   -2    -26.223     18.035      0.000
  -1  862    -25.826      2.506      0.000
  -1  863    -26.462     15.337      0.000
  -1   -2    -26.015     -3.713      0.000
  -1  868    -26.375     -0.562      0.000
  -1   -2    -26.358     -2.921      0.000
  -1   -2    -26.125    -10.114      0.000
  -1   -2    -28.375     49.222      0.000
  -1  872    -28.088     40.732      0.000
  -1  876    -26.931      5.638      0.000
  -1   -2    -26.427     -9.642      0.000
  -1   -2    -28.140     34.307      0.000
  -1  875    -26.492    -11.298      0.000
  -1   -2    -26.870     -3.215      0.000
  -1   -2    -27.477     12.647      0.000
  -1   -2    -27.677     17.333      0.000
  -1  879    -27.385      6.915      0.000
  -1   -2    -26.186    -24.977      0.000
  -1  878    -28.085     23.534      0.000
  -1   -2    -26.918     -7.935      0.000
  -1   -2    -26.105    -28.924      0.000
  -1   -2    -28.493     32.885      0.000
  -1   -2    -28.695     27.709      0.000
  -1   -2    -27.832      4.484      0.000
  -1  886    -29.374     38.553      0.000
  -1  887    -27.671    -10.503      0.000
  -1  884    -28.098      0.627      0.000
  -1   -2    -27.775    -15.314      0.000
  -1   -2    -29.095     14.871      0.000
  -1  889    -28.456     -2.785      0.000
  -1   -2    -28.590     -2.928      0.000
  -1  888    -28.226    -15.423      0.000
  -1  892    -28.327    -13.074      0.000
  -1   -2    -28.063    -20.682      0.000
  -1  896    -29.113      2.788      0.000
  -1   -2    -29.862     21.551      0.000
  -1  894    -28.924     -4.104      0.000
  -1   -2    -29.365      5.304      0.000
  -1  895    -28.881     -8.213      0.000
  -1  890    -29.977     19.343      0.000
  -1   -2    -28.758    -14.830      0.000
  -1  897    -31.367     50.266      0.000
  -1   -2    -30.961     38.173      0.000
  -1  898    -29.975     10.103      0.000
  -1   -2    -28.900    -20.198      0.000
  -1   -2    -29.861      3.017      0.000
  -1  900    -29.631     -4.372      0.000
  -1  901    -29.857      1.169      0.000
  -1   -2    -29.457    -14.656      0.000
  -1   -2    -30.808     16.697      0.000
  -1  904    -29.869     -9.414      0.000
  -1   -2    -30.052    -13.646      0.000
  -1   -2    -29.946    -20.276      0.000
  -1   -2    -30.561     -6.887      0.000
  -1   -2    -31.107      1.553      0.000
  -1   -2    -31.461      4.940      0.000
  -1   -2    -30.969    -10.574      0.000
  -1  918    -32.001      7.339      0.000
  -1   -2    -31.107    -17.839      0.000
  -1   -2    -32.637     21.933      0.000
  -1  919    -31.361    -12.468      0.000
  -1   -2    -32.598      9.657      0.000
  -1  923    -31.998     -8.242      0.000
  -1   -2    -32.363     -4.904      0.000
  -1  925    -33.668     29.090      0.000
  -1   -2    -32.453     -6.335      0.000
  -1   -2    -32.707     -1.264      0.000
  -1   -2    -32.064    -20.481      0.000
  -1  929    -34.419     29.820      0.000
  -1   -2    -33.547      6.201      0.000
  -1  926    -33.850      8.448      0.000
  -1   -2    -32.712    -21.764      0.000
  -1   -2    -33.946      8.153      0.000
  -1   -2    -34.297     11.918      0.000
  -1   -2    -33.401    -14.792      0.000
  -1   -2    -35.675     40.111      0.000
  -1   -2    -35.444     27.439      0.000
  -1  930    -33.862    -14.489      0.000
  -1  941    -36.098     37.812      0.000
  -1   -2    -36.201     34.010      0.000
  -1   -2    -35.445     -1.119      0.000
  -1   -2    -37.411     40.374      0.000
  -1   -2    -37.314     37.594      0.000
  -1   -2    -37.588     34.852      0.000
  -1   -2    -37.746     30.672      0.000
  -1  950    -38.562     49.796      0.000
  -1   -2    -37.597     17.528      0.000
  -1  954    -38.003     23.540      0.000
  -1   -2    -37.581     10.992      0.000
  -1   -2    -38.583     33.369      0.000
  -1   -2    -36.389    -25.425      0.000
  -1  964    -37.229     -8.593      0.000
  -1   -2    -38.285     14.379      0.000
  -1  958    -36.945    -21.291      0.000
  -1   -2    -38.348     12.688      0.000
  -1   -2    -37.895      0.451      0.000
  -1   -2    -38.188      4.077      0.000
  -1   -2    -38.528     11.326      0.000
  -1   -2    -39.765     36.928      0.000
  -1   -2    -38.500     -4.925      0.000
  -1   -2    -38.769      0.831      0.000
  -1  973    -37.847    -23.557      0.000
  -1   -2    -40.168     35.211      0.000
  -1   -2    -40.425     36.589      0.000
  -1   -2    -38.700    -10.285      0.000
  -1   -2    -38.108    -26.019      0.000
  -1  978    -41.129     47.683      0.000
  -1  977    -39.115     -8.839      0.000
  -1  979    -38.960    -18.369      0.000
  -1   -2    -39.162    -14.560      0.000
  -1   -2    -38.939    -20.679      0.000
  -1   -2    -38.826    -23.982      0.000
  -1   -2    -38.552    -30.788      0.000
  -1   -2    -39.392    -10.286      0.000
  -1   -2    -38.945    -22.180      0.000
  -1  982    -41.850     49.841      0.000
  -1   -2    -40.744     16.672      0.000
  -1  985    -38.978    -28.319      0.000
  -1   -2    -39.385    -19.550      0.000
  -1   -2    -40.618      9.281      0.000
  -1   -2    -39.624    -15.710      0.000
  -1   -2    -39.931    -12.997      0.000
  -1   -2    -40.641      0.892      0.000
  -1   -2    -42.100     37.662      0.000
  -1  989    -41.420     16.884      0.000
  -1   -2    -39.909    -21.583      0.000
  -1  995    -39.803    -26.498      0.000
  -1   -2    -42.707     41.350      0.000
  -1  997    -39.897    -29.921      0.000
  -1  993    -40.762    -10.458      0.000
  -1   -2    -41.393     -0.334      0.000
  -1   -2    -43.489     53.029      0.000
  -1  999    -40.671    -24.426      0.000
  -1 1000    -40.918    -22.899      0.000
  -1   -2    -41.996      1.549      0.000
  -1   -2    -42.598     16.652      0.000
  -1   -2    -43.223     29.841      0.000
  -1 1004    -42.190      1.750      0.000
  -1   -2    -42.881     14.822      0.000
  -1 1007    -44.240     42.973      0.000
  -1   -2    -43.873     24.554      0.000
  -1   -2    -42.533    -12.535      0.000
  -1 1011    -42.613    -15.231      0.000
  -1   -2    -41.952    -31.539      0.000
  -1   -2    -44.761     26.325      0.000
  -1   -2    -42.922    -19.720      0.000
  -1 1012    -45.425     39.458      0.000
  -1   -2    -44.854     24.384      0.000
  -1   -2    -45.727     33.180      0.000
  -1   -2    -44.492    -23.054      0.000
  -1   -2    -45.398     -3.824      0.000
  -1   -2    -44.703    -24.324      0.000
  -1   -2    -45.616     -6.783      0.000
  -1   -2    -46.294      9.579      0.000
  -1 1021    -46.343      7.865      0.000
  -1 1022    -44.838    -29.674      0.000
  -1   -2    -46.795     16.319      0.000
  -1   -2    -46.544      3.824      0.000
  -1   -2    -45.350    -25.417      0.000
  -1   -2    -46.762      5.760      0.000
  -1   -2    -46.698      1.445      0.000
  -1   -2    -45.936    -29.967      0.000
  -1   -2    -46.963    -19.472      0.000
  -1 1033    -48.526      7.751      0.000
  -1 1032    -46.954    -30.250      0.000
  -1 1034    -47.614    -19.615      0.000
  -1 1035    -47.375    -29.786      0.000
  -1   -2    -48.049    -15.653      0.000
  -1 1037    -50.045     30.107      0.000
  -1   -2    -49.202      7.782      0.000
  -1 1038    -49.526      9.218      0.000
  -1 1039    -49.655      7.797      0.000
  -1 1041    -48.554    -18.922      0.000
  -1 1040    -49.469      1.830      0.000
  -1 1044    -49.869     -0.099      0.000
  -1   -2    -49.615     -6.520      0.000
  -1 1045    -50.560      5.444      0.000
  -1 1047    -50.018     -8.068      0.000
  -1   -2    -51.630     30.228      0.000
  -1 1049    -49.856    -21.252      0.000
  -1 1050    -52.907     52.955      0.000
  -1   -2    -51.393      8.179      0.000
  -1 1052    -50.656    -11.082      0.000
  -1   -2    -51.078     -3.835      0.000
  -1   -2    -51.575      3.527      0.000
  -1   -2    -50.219    -29.199      0.000
  -1   -2    -51.614      1.931      0.000
  -1 1055    -50.756    -20.964      0.000
  -1 1056    -51.771     -8.010      0.000
  -1 1058    -53.375     18.682      0.000
  -1   -2    -53.393     17.800      0.000
  -1 1059    -54.069     30.615      0.000
  -1 1060    -55.474     39.292      0.000
  -1   -2    -56.208     44.381      0.000
  -1 1062    -56.352     36.563      0.000
  -1   -2    -56.060     25.811      0.000
  -1   -2    -56.093     18.849      0.000
  -1 1065    -56.219     16.514      0.000
  -1 1066    -56.473     20.498      0.000
  -1 1067    -56.487     20.208      0.000
  -1 1068    -56.515     19.694      0.000
  -1 1069    -56.466     17.807      0.000
  -1 1070    -56.538     18.763      0.000
  -1 1072    -56.598     16.571      0.000
  -1   -2    -56.363     10.218      0.000
  -1   -2    -56.587     15.416      0.000
  -1 1074    -57.507     32.544      0.000
  -1 1075    -57.108     20.360      0.000
  -1 1076    -57.125     19.703      0.000
  -1 1077    -58.364     49.303      0.000
  -1   -2    -58.331     46.376      0.000
  -1 1079    -57.184     17.431      0.000
  -1   -2    -57.703     29.396      0.000
  -1 1081    -57.213     14.695      0.000
  -1   -2    -57.589     23.840      0.000
  -1 1083    -55.429    -28.124      0.000
  -1 1082    -58.592     41.270      0.000
  -1   -2    -58.813     45.725      0.000
  -1 1085    -58.686     20.179      0.000
  -1   -2    -60.046     51.031      0.000
  -1 1088    -57.071    -27.044      0.000
  -1   -2    -57.290    -23.139      0.000
  -1 1087    -59.587     31.322      0.000
  -1 1089    -60.027     38.002      0.000
  -1 1091    -59.932     33.772      0.000
  -1   -2    -58.614      0.097      0.000
  -1   -2    -57.989    -18.071      0.000
  -1 1093    -59.022      5.496      0.000
  -1   -2    -57.562    -30.058      0.000
  -1 1099    -57.720    -27.092      0.000
  -1 1097    -59.938     23.899      0.000
  -1 1100    -58.496    -11.620      0.000
  -1 1101    -60.358     29.333      0.000
  -1   -2    -59.368      4.652      0.000
  -1   -2    -59.333      2.376      0.000
  -1 1104    -59.546      3.509      0.000
  -1 1105    -58.526    -22.480      0.000
  -1 1106    -59.014    -13.673      0.000
  -1 1107    -60.520     18.598      0.000
  -1 1108    -61.226     31.911      0.000
  -1 1110    -59.380    -13.981      0.000
  -1 1111    -60.365      3.250      0.000
  -1 1112    -59.441    -23.959      0.000
  -1 1113    -60.193     -7.532      0.000
  -1 1114    -59.940    -16.188      0.000
  -1 1115    -60.891      5.122      0.000
  -1 1116    -60.273     -9.416      0.000
  -1 1117    -60.192    -12.920      0.000
  -1 1118    -62.593     43.246      0.000
  -1   -2    -62.485     38.894      0.000
  -1 1119    -62.094     25.027      0.000
  -1 1120    -61.043     -1.675      0.000
  -1   -2    -60.310    -20.637      0.000
  -1 1121    -63.134     46.200      0.000
  -1   -2    -60.556    -16.486      0.000
  -1 1122    -61.723     10.237      0.000
  -1 1124    -62.167     18.065      0.000
  -1   -2    -62.983     33.980      0.000
  -1 1125    -61.972      7.280      0.000
  -1   -2    -63.258     30.673      0.000
  -1 1126    -63.469     35.163      0.000
  -1   -2    -62.082     -1.246      0.000
  -1   -2    -61.768     -9.197      0.000
  -1 1128    -61.844    -13.400      0.000
  -1 1129    -63.151     12.340      0.000
  -1   -2    -64.263     38.914      0.000
  -1   -2    -63.199      7.590      0.000
  -1 1133    -64.064     27.386      0.000
  -1 1136    -64.668     40.389      0.000
  -1   -2    -64.238     28.404      0.000
  -1   -2    -63.490     10.029      0.000
  -1   -2    -64.632     32.664      0.000
  -1 1141    -63.826     12.906      0.000
  -1   -2    -64.737     29.874      0.000
  -1 1143    -62.833    -15.763      0.000
  -1 1144    -62.402    -25.744      0.000
  -1   -2    -63.357     -7.790      0.000
  -1 1147    -65.160     27.244      0.000
  -1 1149    -64.664     15.119      0.000
  -1   -2    -65.019     22.646      0.000
  -1 1150    -63.285    -20.941      0.000
  -1 1152    -64.654      9.120      0.000
  -1 1153    -64.610      7.087      0.000
  -1 1155    -64.480      2.892      0.000
  -1 1154    -63.269    -25.517      0.000
  -1 1156    -64.910      8.633      0.000
  -1   -2    -63.767    -18.498      0.000
  -1   -2    -63.871    -17.194      0.000
  -1 1158    -65.654     21.268      0.000
  -1   -2    -66.148     29.774      0.000
  -1   -2    -63.970    -21.824      0.000
  -1 1161    -64.843     -2.781      0.000
  -1 1162    -64.824     -5.363      0.000
  -1 1160    -66.422     30.623      0.000
  -1 1163    -64.740    -12.679      0.000
  -1 1164    -65.926     14.124      0.000
  -1 1165    -64.487    -19.433      0.000
  -1 1167    -65.351     -0.816      0.000
  -1 1168    -65.844     10.098      0.000
  -1 1166    -64.620    -18.086      0.000
  -1 1170    -64.694    -20.675      0.000
  -1 1169    -66.814     26.355      0.000
  -1 1175    -66.461     10.646      0.000
  -1 1176    -66.628     13.080      0.000
  -1 1174    -67.052     22.036      0.000
  -1 1177    -66.402      6.420      0.000
  -1 1178    -66.489      3.734      0.000
  -1   -2    -65.291    -24.893      0.000
  -1 1179    -65.436    -21.954      0.000
  -1   -2    -65.706    -16.258      0.000
  -1 1180    -66.017    -12.087      0.000
  -1 1182    -66.910     -2.844      0.000
  -1 1181    -66.437    -14.122      0.000
  -1 1183    -66.627    -22.042      0.000
  -1 1184    -67.168    -11.030      0.000
  -1 1185    -67.192    -19.484      0.000
  -1   -2    -67.143    -22.020      0.000
