1202
   0   -2     51.133     43.221      0.000
   1   -2     50.798     31.846      0.000
  -1   -2     51.088     19.497      0.000
  -1   -2     49.903     43.604      0.000
   3   -2     49.935     40.792      0.000
  -1   -2     50.043     34.917      0.000
   5   -2     50.653      3.022      0.000
   4   -2     49.947     28.659      0.000
   7   -2     49.446     41.376      0.000
   8   -2     50.045     13.310      0.000
   9   -2     50.143      7.071      0.000
  10   -2     49.903     14.882      0.000
  12   -2     49.639      9.203      0.000
  -1   -2     50.287    -15.995      0.000
  14   -2     49.929     -2.734      0.000
  13   -2     49.652      4.593      0.000
  -1   -2     48.333     50.619      0.000
  -1   -2     50.033    -17.643      0.000
  -1   -2     49.503     -1.817      0.000
  25   -2     49.728    -13.929      0.000
  15   -2     49.416     -7.214      0.000
  17   -2     48.007     37.876      0.000
  20   -2     48.198     22.592      0.000
  21   -2     47.701     30.758      0.000
  -1   -2     48.743    -12.857      0.000
  24   -2     48.027     12.859      0.000
  -1   -2     47.061     43.808      0.000
  28   -2     47.418     25.895      0.000
  -1   -2     48.362    -10.936      0.000
  30   -2     46.901     33.437      0.000
  -1   -2     46.688     41.110      0.000
  -1   -2     48.092    -19.459      0.000
  -1   -2     46.551     25.681      0.000
  39   -2     47.723    -23.650      0.000
  33   -2     47.063     -3.625      0.000
  -1   -2     46.932     -4.481      0.000
  -1   -2     46.400      8.367      0.000
  40   -2     45.948     19.756      0.000
  -1   -2     45.839     15.406      0.000
  42   -2     45.745     10.163      0.000
  44   -2     44.879     31.732      0.000
  -1   -2     45.873    -10.276      0.000
  -1   -2     45.191     11.276      0.000
  45   -2     45.678     -7.573      0.000
  -1   -2     44.990      9.334      0.000
  49   -2     44.709     11.254      0.000
  -1   -2     45.328    -14.238      0.000
  52   -2     43.998     26.155      0.000
  55   -2     43.549     40.517      0.000
  -1   -2     44.892     -9.005      0.000
  -1   -2     43.832     28.079      0.000
  -1   -2     44.517      0.748      0.000
  57   -2     43.838     23.975      0.000
  59   -2     43.470     31.627      0.000
  -1   -2     42.863     44.794      0.000
  61   -2     42.929     38.466      0.000
  -1   -2     44.202    -16.797      0.000
  63   -2     43.293     15.965      0.000
  64   -2     42.478     25.779      0.000
  -1   -2     42.900      6.353      0.000
  66   -2     41.587     52.868      0.000
  -1   -2     41.565     48.809      0.000
  -1   -2     42.979    -12.623      0.000
  68   -2     40.945     52.433      0.000
  71   -2     40.877     50.465      0.000
  70   -2     40.778     53.106      0.000
  -1   -2     40.748     48.690      0.000
  73   -2     40.728     45.428      0.000
  -1   -2     40.495     40.243      0.000
  -1   -2     40.954     20.076      0.000
  77   -2     40.078     48.758      0.000
  -1   -2     40.405     35.982      0.000
  -1   -2     40.275     34.394      0.000
  -1   -2     39.699     48.161      0.000
  -1   -2     40.150      6.321      0.000
  79   -2     39.723     16.268      0.000
  80   -2     39.666     17.403      0.000
  -1   -2     40.839    -24.155      0.000
  -1   -2     39.608     18.475      0.000
  81   -2     39.705     12.573      0.000
  82   -2     39.409     22.537      0.000
  83   -2     39.528     15.640      0.000
  84   -2     40.483    -22.374      0.000
  -1   -2     39.497     11.736      0.000
  86   -2     39.389     13.572      0.000
  -1   -2     39.356     14.037      0.000
  87   -2     39.441     10.298      0.000
  -1   -2     39.397     10.782      0.000
  -1   -2     39.790     -4.365      0.000
  91   -2     39.376      8.186      0.000
  -1   -2     38.061     53.085      0.000
  96   -2     39.211      6.086      0.000
  -1   -2     39.171      2.785      0.000
  97   -2     39.152      2.012      0.000
  99   -2     38.573     22.550      0.000
  -1   -2     39.117      2.362      0.000
 100   -2     39.087      3.229      0.000
 104   -2     39.000      1.257      0.000
  -1   -2     38.391     21.102      0.000
 106   -2     39.039     -2.565      0.000
 105   -2     39.020     -2.325      0.000
  -1   -2     38.883     -0.505      0.000
 108   -2     38.898     -3.086      0.000
 110   -2     37.368     48.466      0.000
  -1   -2     38.488      6.372      0.000
  -1   -2     38.701     -6.963      0.000
 112   -2     38.143     11.414      0.000
  -1   -2     38.646     -7.553      0.000
 113   -2     36.923     52.019      0.000
  -1   -2     38.653    -12.003      0.000
 114   -2     37.489     25.877      0.000
  -1   -2     38.507    -11.681      0.000
  -1   -2     38.423    -15.667      0.000
  -1   -2     38.223    -17.769      0.000
 119   -2     37.317     11.426      0.000
  -1   -2     38.000    -14.207      0.000
  -1   -2     36.641     27.818      0.000
 121   -2     38.137    -29.914      0.000
 125   -2     35.581     34.559      0.000
 127   -2     34.990     52.122      0.000
 126   -2     35.814     21.936      0.000
  -1   -2     34.908     51.177      0.000
 128   -2     35.393     25.842      0.000
 130   -2     35.849     -3.045      0.000
 129   -2     34.825     16.844      0.000
  -1   -2     34.421     20.184      0.000
 131   -2     33.800     32.134      0.000
 132   -2     34.810     -7.408      0.000
  -1   -2     34.776    -22.462      0.000
 134   -2     33.981     -0.862      0.000
 135   -2     33.955     -1.823      0.000
 136   -2     34.232    -22.569      0.000
 137   -2     34.262    -25.088      0.000
 138   -2     33.611     -3.385      0.000
 139   -2     32.004     39.599      0.000
 141   -2     33.552    -27.418      0.000
 142   -2     32.903     -7.377      0.000
 144   -2     32.693     -3.242      0.000
 143   -2     33.426    -28.568      0.000
 145   -2     31.271     31.129      0.000
 147   -2     32.921    -26.029      0.000
 148   -2     32.894    -26.707      0.000
 146   -2     30.917     37.083      0.000
 149   -2     32.761    -31.228      0.000
 150   -2     32.401    -25.085      0.000
 151   -2     32.140    -26.652      0.000
  -1   -2     30.442     30.555      0.000
 152   -2     30.432     22.526      0.000
 154   -2     28.898     46.804      0.000
 153   -2     29.039     40.195      0.000
  -1   -2     30.337    -14.404      0.000
  -1   -2     28.719     37.383      0.000
 162   -2     30.169    -18.033      0.000
  -1   -2     29.860    -12.846      0.000
 155   -2     28.978     10.944      0.000
  -1   -2     28.682     13.573      0.000
 158   -2     27.861     37.588      0.000
  -1   -2     29.241    -11.295      0.000
  -1   -2     29.679    -25.837      0.000
 164   -2     29.065     -6.073      0.000
 161   -2     27.522     45.086      0.000
 159   -2     28.189     20.898      0.000
  -1   -2     28.114     22.953      0.000
  -1   -2     27.748     12.520      0.000
  -1   -2     28.900    -27.516      0.000
 168   -2     26.682     34.665      0.000
 169   -2     28.474    -26.640      0.000
  -1   -2     25.982     49.289      0.000
  -1   -2     26.845     18.625      0.000
  -1   -2     26.814      5.182      0.000
 173   -2     26.371     19.783      0.000
  -1   -2     26.867      2.182      0.000
 175   -2     27.479    -26.368      0.000
  -1   -2     24.997     51.848      0.000
 178   -2     27.309    -28.621      0.000
 174   -2     26.334      2.168      0.000
 180   -2     27.079    -29.882      0.000
  -1   -2     26.341     -6.022      0.000
  -1   -2     26.322     -6.819      0.000
 179   -2     25.602     16.061      0.000
 186   -2     26.358    -10.050      0.000
 189   -2     26.598    -22.409      0.000
 185   -2     25.933     -0.810      0.000
  -1   -2     26.031     -6.565      0.000
 184   -2     24.662     36.720      0.000
 182   -2     25.401     10.625      0.000
  -1   -2     26.106    -27.545      0.000
 197   -2     25.702    -14.612      0.000
  -1   -2     25.474     -7.521      0.000
 188   -2     25.907    -24.157      0.000
 201   -2     25.364    -14.229      0.000
  -1   -2     23.585     45.177      0.000
  -1   -2     25.334    -15.773      0.000
  -1   -2     23.936     27.884      0.000
 193   -2     24.152     15.820      0.000
  -1   -2     23.905     20.730      0.000
 198   -2     24.526     -3.211      0.000
 205   -2     24.641     -7.802      0.000
 207   -2     24.723    -12.329      0.000
  -1   -2     24.958    -21.211      0.000
 196   -2     23.507     25.225      0.000
 195   -2     24.085      2.374      0.000
 202   -2     24.305     -4.858      0.000
 204   -2     25.006    -28.639      0.000
 200   -2     22.528     41.131      0.000
  -1   -2     24.294    -22.357      0.000
 209   -2     23.064     16.266      0.000
  -1   -2     24.098    -20.482      0.000
  -1   -2     23.513     -2.628      0.000
 208   -2     23.143      7.245      0.000
  -1   -2     23.878    -16.951      0.000
  -1   -2     21.889     48.515      0.000
 211   -2     22.206     32.405      0.000
  -1   -2     22.331     26.540      0.000
  -1   -2     22.893      3.281      0.000
 212   -2     21.592     45.169      0.000
  -1   -2     23.534    -19.220      0.000
 216   -2     22.499     10.176      0.000
  -1   -2     23.699    -28.706      0.000
 218   -2     22.762     -1.812      0.000
  -1   -2     22.950     -8.572      0.000
  -1   -2     22.903     -7.242      0.000
  -1   -2     22.250      9.331      0.000
  -1   -2     22.254      8.430      0.000
 219   -2     22.495      0.289      0.000
  -1   -2     23.266    -28.583      0.000
 226   -2     22.323     -3.972      0.000
 225   -2     22.275     -3.124      0.000
 232   -2     22.475    -12.075      0.000
  -1   -2     20.574     46.006      0.000
  -1   -2     21.822      2.235      0.000
  -1   -2     22.127    -10.810      0.000
 222   -2     22.069     -9.888      0.000
  -1   -2     22.205    -21.315      0.000
  -1   -2     21.461      1.100      0.000
  -1   -2     21.537     -1.477      0.000
  -1   -2     20.937     16.313      0.000
  -1   -2     20.325     32.661      0.000
  -1   -2     21.285      0.359      0.000
 240   -2     20.802     14.967      0.000
 239   -2     21.390     -4.838      0.000
  -1   -2     20.079     33.780      0.000
 245   -2     21.865    -26.831      0.000
  -1   -2     20.067     23.255      0.000
 249   -2     21.006     -8.420      0.000
  -1   -2     19.812     28.848      0.000
  -1   -2     21.234    -17.860      0.000
  -1   -2     21.391    -27.511      0.000
 261   -2     20.836    -11.784      0.000
 252   -2     21.398    -29.665      0.000
  -1   -2     19.750     22.307      0.000
 250   -2     20.391     -2.504      0.000
  -1   -2     19.169     35.341      0.000
 251   -2     18.705     49.951      0.000
 253   -2     21.058    -28.774      0.000
 256   -2     19.514     15.176      0.000
 259   -2     18.360     51.377      0.000
 260   -2     19.395      9.448      0.000
 262   -2     19.598      0.382      0.000
  -1   -2     18.458     30.238      0.000
 264   -2     19.068      4.865      0.000
  -1   -2     17.894     41.159      0.000
  -1   -2     19.762    -20.157      0.000
  -1   -2     18.150     29.978      0.000
  -1   -2     18.250     26.122      0.000
  -1   -2     19.707    -20.960      0.000
 273   -2     19.518    -15.231      0.000
  -1   -2     18.947     -2.185      0.000
 271   -2     17.732     30.547      0.000
  -1   -2     19.103    -14.523      0.000
 274   -2     19.301    -26.790      0.000
  -1   -2     17.334     36.140      0.000
 275   -2     17.099     34.908      0.000
  -1   -2     18.645    -14.955      0.000
  -1   -2     18.884    -22.811      0.000
  -1   -2     19.060    -28.573      0.000
  -1   -2     17.734     12.974      0.000
 276   -2     16.822     39.452      0.000
 277   -2     18.058     -1.230      0.000
 278   -2     17.201     25.590      0.000
  -1   -2     18.460    -15.043      0.000
 293   -2     18.312    -11.174      0.000
  -1   -2     18.490    -17.955      0.000
 286   -2     18.771    -26.866      0.000
 282   -2     17.230     21.671      0.000
  -1   -2     17.894     -2.609      0.000
  -1   -2     17.730      0.820      0.000
 279   -2     16.765     31.280      0.000
  -1   -2     16.869     27.686      0.000
 287   -2     16.539     38.548      0.000
 295   -2     17.844    -14.794      0.000
  -1   -2     18.237    -28.719      0.000
 292   -2     16.858     11.605      0.000
  -1   -2     17.040      0.084      0.000
 298   -2     16.777     -6.340      0.000
  -1   -2     17.220    -22.029      0.000
  -1   -2     16.151     10.948      0.000
 299   -2     15.570     26.308      0.000
 296   -2     17.108    -22.632      0.000
 304   -2     17.292    -29.831      0.000
 300   -2     16.266      1.060      0.000
  -1   -2     16.971    -21.078      0.000
 306   -2     17.125    -27.010      0.000
  -1   -2     15.504     23.338      0.000
  -1   -2     14.928     37.397      0.000
  -1   -2     15.049     31.807      0.000
  -1   -2     14.324     54.237      0.000
 322   -2     16.319    -12.816      0.000
  -1   -2     15.620      9.152      0.000
 311   -2     14.990     28.569      0.000
  -1   -2     14.256     52.021      0.000
  -1   -2     15.509     10.561      0.000
  -1   -2     15.648      3.364      0.000
  -1   -2     16.248    -15.490      0.000
 319   -2     16.602    -26.989      0.000
 312   -2     14.469     40.672      0.000
 321   -2     14.325     45.202      0.000
 314   -2     15.135     17.732      0.000
 316   -2     15.129     15.297      0.000
  -1   -2     14.079     49.499      0.000
  -1   -2     15.377      5.882      0.000
  -1   -2     15.065     10.171      0.000
  -1   -2     16.008    -19.653      0.000
 318   -2     13.859     44.353      0.000
  -1   -2     15.345     -5.212      0.000
  -1   -2     15.968    -25.088      0.000
  -1   -2     13.753     41.123      0.000
 326   -2     14.078     26.184      0.000
 327   -2     14.228     19.021      0.000
 339   -2     14.951     -7.430      0.000
 336   -2     14.278     10.670      0.000
  -1   -2     15.247    -19.947      0.000
 335   -2     13.870     22.487      0.000
 345   -2     14.827     -8.652      0.000
  -1   -2     13.583     30.389      0.000
 362   -2     15.201    -22.670      0.000
 333   -2     14.460     -1.961      0.000
 342   -2     15.300    -28.601      0.000
 352   -2     14.691    -11.515      0.000
  -1   -2     14.763    -13.978      0.000
 343   -2     13.812     12.947      0.000
 340   -2     13.667     16.212      0.000
  -1   -2     14.878    -24.602      0.000
  -1   -2     14.159     -2.543      0.000
 350   -2     14.265     -6.706      0.000
  -1   -2     13.050     27.340      0.000
  -1   -2     12.678     36.547      0.000
 349   -2     13.584      6.349      0.000
  -1   -2     13.114     16.807      0.000
  -1   -2     12.668     30.458      0.000
 348   -2     13.455      4.863      0.000
 355   -2     12.229     37.053      0.000
  -1   -2     14.230    -29.695      0.000
 360   -2     12.512     20.610      0.000
 359   -2     11.597     45.627      0.000
 371   -2     13.335    -10.311      0.000
  -1   -2     11.539     42.003      0.000
  -1   -2     12.512      5.176      0.000
 368   -2     11.274     44.119      0.000
  -1   -2     12.830     -7.747      0.000
  -1   -2     13.514    -29.775      0.000
  -1   -2     11.702     26.045      0.000
  -1   -2     11.026     46.757      0.000
 370   -2     12.336      3.004      0.000
 364   -2     10.859     49.412      0.000
  -1   -2     10.927     44.575      0.000
 366   -2     12.968    -21.595      0.000
  -1   -2     11.842     11.439      0.000
 377   -2     12.290     -3.438      0.000
  -1   -2     10.722     45.183      0.000
 379   -2     11.495     20.187      0.000
 374   -2     11.829      9.486      0.000
 375   -2     12.056      1.663      0.000
 378   -2     10.706     41.949      0.000
 381   -2     11.290     21.673      0.000
 384   -2     11.229     22.740      0.000
  -1   -2     11.466     12.108      0.000
 382   -2     11.811      0.657      0.000
 383   -2     10.857     29.709      0.000
 372   -2     11.683      2.895      0.000
  -1   -2     10.551     37.036      0.000
 391   -2     11.900     -7.176      0.000
 386   -2     10.950     21.292      0.000
 387   -2     10.734     28.061      0.000
 403   -2     12.023    -14.044      0.000
  -1   -2     11.122     13.262      0.000
 407   -2     11.927    -13.231      0.000
 390   -2     11.268      5.683      0.000
  -1   -2     10.954     10.507      0.000
 392   -2     10.986      7.973      0.000
  -1   -2     11.588    -11.573      0.000
  -1   -2      9.993     34.270      0.000
 402   -2     10.404     19.696      0.000
  -1   -2     10.583     13.308      0.000
 401   -2     10.944      0.488      0.000
  -1   -2     10.412     16.056      0.000
 406   -2     10.805     -2.309      0.000
  -1   -2     10.596      0.389      0.000
  -1   -2     11.507    -28.528      0.000
 410   -2     11.499    -29.704      0.000
 408   -2      9.015     42.875      0.000
 412   -2     10.431     -2.943      0.000
  -1   -2     10.128      5.842      0.000
  -1   -2     11.102    -24.946      0.000
 413   -2      9.226     32.158      0.000
  -1   -2      9.953      7.739      0.000
 415   -2     10.385    -14.075      0.000
  -1   -2      8.832     33.390      0.000
 417   -2      8.771     34.466      0.000
  -1   -2      8.489     43.171      0.000
  -1   -2      9.679      5.182      0.000
 433   -2     10.188    -17.331      0.000
 422   -2      9.544      0.428      0.000
 425   -2      9.620     -3.172      0.000
 426   -2      8.809     21.011      0.000
  -1   -2     10.168    -20.943      0.000
 427   -2      9.595     -4.752      0.000
 428   -2      8.765     16.057      0.000
 429   -2      8.939      3.815      0.000
 430   -2      8.483     16.591      0.000
  -1   -2      8.395     18.808      0.000
 431   -2      8.717      5.491      0.000
  -1   -2      8.808      2.022      0.000
  -1   -2      9.472    -18.991      0.000
  -1   -2      7.550     27.902      0.000
  -1   -2      7.549     25.378      0.000
  -1   -2      8.578     -7.687      0.000
  -1   -2      7.298     30.162      0.000
 439   -2      7.746     13.206      0.000
 440   -2      7.729     11.850      0.000
 445   -2      9.046    -28.404      0.000
 438   -2      6.850     36.616      0.000
 443   -2      7.958     -2.615      0.000
 444   -2      8.804    -29.537      0.000
  -1   -2      6.375     41.716      0.000
 451   -2      6.913     22.559      0.000
  -1   -2      6.841     20.765      0.000
  -1   -2      6.940     13.096      0.000
 447   -2      6.259     33.592      0.000
  -1   -2      8.067    -21.780      0.000
  -1   -2      8.254    -28.132      0.000
  -1   -2      5.876     43.421      0.000
 452   -2      7.390     -3.930      0.000
 449   -2      6.720     13.602      0.000
 450   -2      5.739     41.227      0.000
  -1   -2      7.347    -11.831      0.000
 453   -2      6.521      9.923      0.000
 462   -2      7.233    -13.769      0.000
  -1   -2      7.718    -30.520      0.000
 458   -2      6.782     -4.222      0.000
 455   -2      5.268     36.022      0.000
 466   -2      7.289    -28.760      0.000
  -1   -2      5.170     35.467      0.000
 468   -2      5.604     16.791      0.000
  -1   -2      6.595    -14.001      0.000
  -1   -2      5.354     23.361      0.000
  -1   -2      4.913     37.037      0.000
 470   -2      7.024    -28.227      0.000
 482   -2      5.697     10.322      0.000
 472   -2      6.355    -11.071      0.000
 474   -2      5.909     -4.128      0.000
 473   -2      5.696     -0.028      0.000
  -1   -2      5.114     17.273      0.000
  -1   -2      5.061     18.492      0.000
 477   -2      5.245     11.653      0.000
  -1   -2      6.321    -23.841      0.000
 483   -2      4.631     25.626      0.000
  -1   -2      5.983    -15.380      0.000
  -1   -2      5.997    -16.645      0.000
 481   -2      5.519     -2.578      0.000
  -1   -2      4.223     33.416      0.000
  -1   -2      4.088     34.083      0.000
  -1   -2      5.792    -18.751      0.000
  -1   -2      6.139    -29.881      0.000
 480   -2      4.065     31.536      0.000
 485   -2      3.561     42.209      0.000
 488   -2      4.929     -0.029      0.000
 499   -2      5.226    -10.272      0.000
 490   -2      5.813    -28.405      0.000
  -1   -2      5.602    -24.989      0.000
 489   -2      3.570     34.429      0.000
 491   -2      3.352     41.215      0.000
 496   -2      3.957     20.951      0.000
  -1   -2      4.516     -4.568      0.000
  -1   -2      4.933    -21.027      0.000
  -1   -2      4.778    -18.096      0.000
 498   -2      5.095    -29.443      0.000
 502   -2      4.126     -5.237      0.000
 503   -2      3.161     22.947      0.000
 504   -2      3.117     21.072      0.000
 501   -2      3.444      8.620      0.000
  -1   -2      3.340     11.415      0.000
  -1   -2      2.441     38.286      0.000
 500   -2      3.411      7.896      0.000
  -1   -2      4.171    -18.374      0.000
  -1   -2      2.089     43.538      0.000
 511   -2      3.709     -8.115      0.000
  -1   -2      3.798    -10.787      0.000
 512   -2      3.589     -6.880      0.000
  -1   -2      3.516     -8.195      0.000
  -1   -2      2.746     14.035      0.000
 525   -2      3.796    -20.182      0.000
  -1   -2      3.963    -28.269      0.000
 510   -2      2.864      3.174      0.000
 513   -2      2.324     16.460      0.000
  -1   -2      3.436    -20.588      0.000
  -1   -2      1.811     25.276      0.000
 517   -2      1.463     32.353      0.000
 524   -2      3.420    -29.703      0.000
 523   -2      2.545     -6.539      0.000
  -1   -2      3.341    -30.646      0.000
  -1   -2      2.414     -5.611      0.000
 522   -2      1.658     16.787      0.000
  -1   -2      2.188     -3.036      0.000
 521   -2      0.983     31.642      0.000
 528   -2      1.181     20.101      0.000
 526   -2      0.280     47.109      0.000
 527   -2      2.006     -5.629      0.000
 535   -2      0.928     22.532      0.000
 534   -2      1.762     -3.672      0.000
 531   -2      0.171     42.759      0.000
  -1   -2      0.521     29.593      0.000
 533   -2      0.949     15.880      0.000
  -1   -2      1.089      6.287      0.000
  -1   -2      2.185    -28.292      0.000
  -1   -2      1.783    -18.907      0.000
 541   -2      0.477     18.690      0.000
 530   -2      1.948    -24.829      0.000
 540   -2      1.077     -0.908      0.000
  -1   -2      1.157     -3.862      0.000
 542   -2      0.427     15.869      0.000
  -1   -2      1.195     -7.430      0.000
  -1   -2      1.725    -25.845      0.000
  -1   -2     -0.923     49.206      0.000
 547   -2      0.588      1.210      0.000
  -1   -2     -1.060     49.932      0.000
  -1   -2      1.434    -26.726      0.000
  -1   -2      0.030     13.337      0.000
  -1   -2      0.182      6.676      0.000
  -1   -2      0.006     10.825      0.000
 543   -2      0.829    -17.480      0.000
  -1   -2      0.932    -22.397      0.000
 554   -2     -0.694     23.238      0.000
 552   -2      1.128    -30.455      0.000
 556   -2      0.998    -29.638      0.000
  -1   -2     -1.543     44.045      0.000
  -1   -2     -1.747     31.965      0.000
 561   -2     -0.725      1.191      0.000
  -1   -2      0.013    -25.043      0.000
 567   -2     -1.437     12.725      0.000
  -1   -2     -2.265     37.523      0.000
 568   -2     -1.000     -3.623      0.000
 566   -2     -2.078     26.513      0.000
 570   -2     -2.958     45.743      0.000
  -1   -2     -0.936    -16.415      0.000
 572   -2     -2.018     14.935      0.000
  -1   -2     -0.908    -19.346      0.000
 571   -2     -3.507     49.862      0.000
 573   -2     -2.100      3.070      0.000
 576   -2     -2.072     -1.303      0.000
 579   -2     -1.101    -29.862      0.000
  -1   -2     -3.032     22.744      0.000
 582   -2     -3.520     35.513      0.000
 592   -2     -1.791    -18.249      0.000
 599   -2     -2.257    -14.481      0.000
  -1   -2     -3.771     28.157      0.000
  -1   -2     -4.472     49.422      0.000
 588   -2     -4.103     32.382      0.000
  -1   -2     -2.319    -20.575      0.000
  -1   -2     -2.202    -24.962      0.000
 606   -2     -4.064     28.627      0.000
  -1   -2     -3.244      3.943      0.000
 594   -2     -3.585     12.545      0.000
  -1   -2     -4.209     29.664      0.000
  -1   -2     -3.043     -4.810      0.000
 597   -2     -3.839     17.284      0.000
 593   -2     -3.993     21.656      0.000
  -1   -2     -3.776     11.903      0.000
 603   -2     -4.839     38.648      0.000
  -1   -2     -4.950     41.197      0.000
 604   -2     -3.462     -5.245      0.000
  -1   -2     -4.980     33.400      0.000
  -1   -2     -3.998      3.637      0.000
 609   -2     -5.196     38.537      0.000
  -1   -2     -3.486    -15.377      0.000
 612   -2     -5.326     35.439      0.000
 621   -2     -3.537    -17.001      0.000
 611   -2     -4.881     21.969      0.000
 615   -2     -5.307     34.386      0.000
 605   -2     -4.256      3.132      0.000
  -1   -2     -4.810     14.434      0.000
 613   -2     -4.503      1.368      0.000
  -1   -2     -4.104    -10.537      0.000
 618   -2     -4.621     -1.065      0.000
 622   -2     -5.222     11.485      0.000
  -1   -2     -5.003      4.756      0.000
 633   -2     -5.957     31.795      0.000
 625   -2     -6.034     32.285      0.000
  -1   -2     -4.747     -5.924      0.000
  -1   -2     -6.420     42.856      0.000
 623   -2     -5.910     26.488      0.000
 630   -2     -5.062     -2.681      0.000
  -1   -2     -4.250    -25.775      0.000
 627   -2     -5.268      2.569      0.000
 635   -2     -4.993     -7.772      0.000
 629   -2     -4.225    -29.862      0.000
 631   -2     -5.071     -6.302      0.000
  -1   -2     -4.718    -17.594      0.000
 634   -2     -6.199     24.986      0.000
  -1   -2     -4.642    -22.497      0.000
  -1   -2     -6.442     25.752      0.000
  -1   -2     -5.124    -13.423      0.000
  -1   -2     -5.554     -2.153      0.000
 637   -2     -6.270     12.975      0.000
  -1   -2     -6.845     23.029      0.000
 642   -2     -5.928     -6.228      0.000
  -1   -2     -5.654    -15.224      0.000
  -1   -2     -5.404    -23.472      0.000
 646   -2     -7.705     38.513      0.000
  -1   -2     -7.041     15.759      0.000
  -1   -2     -6.074    -12.294      0.000
  -1   -2     -8.043     44.675      0.000
  -1   -2     -6.197    -16.876      0.000
 660   -2     -6.299    -14.148      0.000
  -1   -2     -6.145    -18.503      0.000
 667   -2     -5.954    -25.018      0.000
 653   -2     -8.243     38.338      0.000
  -1   -2     -6.590    -15.816      0.000
 659   -2     -7.568      8.140      0.000
  -1   -2     -8.227     25.681      0.000
 658   -2     -7.883     13.011      0.000
  -1   -2     -7.618      4.831      0.000
  -1   -2     -8.276     21.989      0.000
 668   -2     -8.104     15.280      0.000
  -1   -2     -8.843     36.195      0.000
 652   -2     -9.194     45.892      0.000
  -1   -2     -6.643    -29.825      0.000
 674   -2     -6.720    -29.358      0.000
  -1   -2     -8.266     14.188      0.000
 664   -2     -7.968      5.214      0.000
 665   -2     -7.057    -20.523      0.000
  -1   -2     -7.244    -15.493      0.000
 678   -2     -7.663     -5.117      0.000
 676   -2     -9.068     35.403      0.000
 669   -2     -8.085      6.239      0.000
 672   -2     -8.829     25.972      0.000
  -1   -2     -7.434    -19.833      0.000
 679   -2     -7.858     -8.667      0.000
  -1   -2     -8.066     -2.850      0.000
 677   -2     -8.414      2.426      0.000
  -1   -2     -9.921     43.996      0.000
 682   -2     -8.205     -8.145      0.000
 680   -2     -8.650      3.521      0.000
 683   -2     -8.290     -6.932      0.000
  -1   -2     -7.869    -19.151      0.000
  -1   -2     -8.757     -0.345      0.000
  -1   -2     -9.555     21.943      0.000
  -1   -2     -9.730     24.531      0.000
  -1   -2    -10.044     32.665      0.000
  -1   -2     -9.600     16.928      0.000
 695   -2     -8.226    -23.425      0.000
 686   -2     -9.431     10.417      0.000
 689   -2     -9.771     10.044      0.000
 690   -2    -10.303     25.369      0.000
  -1   -2    -11.120     48.601      0.000
  -1   -2     -9.681      5.088      0.000
  -1   -2     -8.942    -17.564      0.000
  -1   -2     -8.689    -25.145      0.000
 688   -2    -10.672     30.815      0.000
  -1   -2    -10.394     21.307      0.000
  -1   -2     -9.033    -18.462      0.000
 691   -2    -11.331     47.395      0.000
  -1   -2     -8.954    -21.804      0.000
  -1   -2    -11.092     37.496      0.000
 694   -2    -10.218      8.195      0.000
 693   -2     -9.593    -10.406      0.000
  -1   -2    -10.872     25.657      0.000
  -1   -2    -10.561     13.524      0.000
  -1   -2    -10.655     14.151      0.000
  -1   -2     -9.442    -20.626      0.000
 692   -2    -11.835     45.980      0.000
  -1   -2     -9.600    -19.942      0.000
 697   -2    -11.071     19.557      0.000
  -1   -2    -11.938     44.121      0.000
  -1   -2    -11.696     30.348      0.000
 705   -2    -11.121     13.477      0.000
  -1   -2     -9.742    -26.725      0.000
  -1   -2    -11.297     14.156      0.000
  -1   -2    -11.319     12.625      0.000
 704   -2    -11.423     11.695      0.000
 706   -2    -11.690     18.433      0.000
  -1   -2    -10.818     -9.222      0.000
 709   -2    -12.421     36.005      0.000
  -1   -2    -12.707     42.138      0.000
 713   -2    -12.559     37.483      0.000
  -1   -2    -12.081     22.830      0.000
  -1   -2    -11.157     -4.874      0.000
 714   -2    -12.559     32.727      0.000
 716   -2    -11.824     11.232      0.000
  -1   -2    -11.769      6.033      0.000
  -1   -2    -10.559    -29.189      0.000
 715   -2    -11.761      3.614      0.000
 717   -2    -11.844      2.519      0.000
  -1   -2    -11.790     -0.256      0.000
  -1   -2    -11.802     -1.194      0.000
  -1   -2    -11.193    -18.649      0.000
 712   -2    -13.648     48.904      0.000
 732   -2    -11.515    -13.239      0.000
 730   -2    -10.964    -30.104      0.000
 728   -2    -13.665     42.358      0.000
 726   -2    -13.178     25.532      0.000
 733   -2    -12.681      6.339      0.000
  -1   -2    -12.782      4.378      0.000
  -1   -2    -12.912      5.116      0.000
 736   -2    -12.348    -10.851      0.000
 742   -2    -12.297    -16.393      0.000
 739   -2    -13.260      6.404      0.000
 738   -2    -14.386     38.334      0.000
 745   -2    -12.688    -14.665      0.000
  -1   -2    -13.325      1.132      0.000
  -1   -2    -14.881     43.413      0.000
 744   -2    -14.013     16.405      0.000
 741   -2    -14.526     30.906      0.000
  -1   -2    -14.582     30.345      0.000
 746   -2    -13.737      5.461      0.000
 743   -2    -15.170     46.244      0.000
 758   -2    -12.684    -25.088      0.000
 752   -2    -12.731    -25.589      0.000
  -1   -2    -13.502     -5.778      0.000
 750   -2    -13.548     -8.765      0.000
 747   -2    -14.684     20.338      0.000
  -1   -2    -15.384     36.383      0.000
 748   -2    -14.877     21.204      0.000
 749   -2    -14.253      3.118      0.000
 751   -2    -15.724     42.882      0.000
  -1   -2    -15.295     22.382      0.000
 757   -2    -14.602     -0.611      0.000
 774   -2    -14.724     -1.248      0.000
  -1   -2    -14.661     -3.828      0.000
  -1   -2    -15.069      7.130      0.000
 762   -2    -15.139      8.231      0.000
  -1   -2    -13.785    -29.137      0.000
 763   -2    -14.713     -5.272      0.000
 756   -2    -15.879     25.723      0.000
 768   -2    -16.191     34.254      0.000
  -1   -2    -14.525    -13.356      0.000
 779   -2    -14.371    -19.752      0.000
 771   -2    -15.311      2.884      0.000
 766   -2    -15.720     12.215      0.000
 778   -2    -14.724    -16.508      0.000
 773   -2    -15.852     13.690      0.000
  -1   -2    -16.098     16.513      0.000
  -1   -2    -16.182     17.942      0.000
 776   -2    -15.853      4.355      0.000
 775   -2    -16.700     26.947      0.000
  -1   -2    -17.018     32.693      0.000
  -1   -2    -16.071      4.101      0.000
  -1   -2    -15.622     -9.545      0.000
 780   -2    -16.486     13.066      0.000
 783   -2    -15.820    -13.859      0.000
 781   -2    -16.400      0.294      0.000
  -1   -2    -17.777     35.840      0.000
 784   -2    -16.974      9.963      0.000
  -1   -2    -16.134    -13.193      0.000
  -1   -2    -18.131     41.455      0.000
 795   -2    -16.109    -15.095      0.000
 794   -2    -18.174     37.606      0.000
  -1   -2    -18.556     47.184      0.000
 797   -2    -16.590     -9.669      0.000
  -1   -2    -17.797     22.645      0.000
  -1   -2    -17.545     15.395      0.000
 788   -2    -17.611     17.051      0.000
 790   -2    -16.890     -3.826      0.000
 798   -2    -16.940     -3.151      0.000
  -1   -2    -16.234    -23.530      0.000
 803   -2    -17.351      4.642      0.000
  -1   -2    -18.222     28.350      0.000
  -1   -2    -18.341     29.081      0.000
 801   -2    -18.990     45.028      0.000
  -1   -2    -18.586     33.188      0.000
 802   -2    -18.266     23.945      0.000
  -1   -2    -16.435    -27.555      0.000
 800   -2    -18.559     29.448      0.000
 806   -2    -17.618      3.052      0.000
 804   -2    -17.467     -2.342      0.000
  -1   -2    -17.832      4.840      0.000
 809   -2    -18.372     11.069      0.000
 813   -2    -17.450    -14.340      0.000
 808   -2    -18.722     20.503      0.000
 811   -2    -17.820     -5.109      0.000
  -1   -2    -18.724      9.033      0.000
 819   -2    -19.639     33.303      0.000
 821   -2    -18.302     -7.720      0.000
  -1   -2    -19.893     32.490      0.000
  -1   -2    -17.848    -24.130      0.000
 824   -2    -18.940      4.420      0.000
 822   -2    -18.806     -1.469      0.000
  -1   -2    -18.722     -4.895      0.000
  -1   -2    -19.398     12.148      0.000
 823   -2    -20.066     30.698      0.000
 825   -2    -19.860     19.772      0.000
 836   -2    -18.531    -18.581      0.000
 828   -2    -19.041     -6.399      0.000
  -1   -2    -19.746     10.667      0.000
 827   -2    -19.447      0.428      0.000
 829   -2    -19.388     -3.014      0.000
 830   -2    -19.275     -8.897      0.000
 833   -2    -20.825     22.176      0.000
  -1   -2    -20.699     18.543      0.000
  -1   -2    -20.347      8.791      0.000
 838   -2    -21.557     40.021      0.000
 840   -2    -19.736    -15.567      0.000
 839   -2    -22.032     47.531      0.000
  -1   -2    -20.271     -4.227      0.000
 841   -2    -20.611      4.668      0.000
 834   -2    -21.857     38.714      0.000
  -1   -2    -20.008    -13.444      0.000
 854   -2    -19.705    -22.265      0.000
 844   -2    -21.133     10.863      0.000
  -1   -2    -21.167      9.018      0.000
  -1   -2    -20.716     -6.486      0.000
 851   -2    -21.724     19.929      0.000
 849   -2    -21.984     25.723      0.000
 867   -2    -20.409    -20.642      0.000
 852   -2    -21.847     16.816      0.000
 853   -2    -22.606     37.922      0.000
 857   -2    -21.164     -3.614      0.000
 860   -2    -20.962     -9.977      0.000
  -1   -2    -22.743     38.697      0.000
 861   -2    -21.202     -6.035      0.000
 862   -2    -21.241     -8.132      0.000
  -1   -2    -23.185     45.013      0.000
  -1   -2    -21.492     -3.471      0.000
  -1   -2    -21.183    -12.979      0.000
 863   -2    -22.137      9.855      0.000
 864   -2    -22.225     10.950      0.000
 866   -2    -22.528     17.706      0.000
  -1   -2    -21.966      1.799      0.000
  -1   -2    -22.781     17.820      0.000
  -1   -2    -21.560    -24.432      0.000
 872   -2    -22.107    -10.020      0.000
 870   -2    -22.819      9.045      0.000
 869   -2    -23.329     22.268      0.000
  -1   -2    -22.646      1.070      0.000
 871   -2    -23.375     19.923      0.000
 873   -2    -23.077     10.901      0.000
 868   -2    -24.249     42.748      0.000
 875   -2    -22.150    -15.122      0.000
  -1   -2    -24.438     45.340      0.000
  -1   -2    -23.041      5.041      0.000
  -1   -2    -22.351    -13.441      0.000
  -1   -2    -22.517    -10.530      0.000
 877   -2    -23.201      1.072      0.000
 881   -2    -23.026     -8.087      0.000
  -1   -2    -23.516      3.736      0.000
  -1   -2    -22.624    -21.143      0.000
 880   -2    -24.503     29.395      0.000
 882   -2    -23.608      4.390      0.000
  -1   -2    -24.253     16.846      0.000
  -1   -2    -22.520    -29.202      0.000
 885   -2    -24.328     15.998      0.000
 888   -2    -23.328    -12.680      0.000
 890   -2    -24.967     22.665      0.000
  -1   -2    -24.073     -4.727      0.000
 892   -2    -25.119     21.626      0.000
 894   -2    -26.123     45.129      0.000
 897   -2    -24.536      1.057      0.000
  -1   -2    -24.806      1.114      0.000
  -1   -2    -26.556     42.980      0.000
  -1   -2    -25.952     24.704      0.000
 899   -2    -24.767     -7.380      0.000
  -1   -2    -25.130      1.081      0.000
  -1   -2    -25.168     -1.109      0.000
 903   -2    -26.390     17.193      0.000
  -1   -2    -25.111    -21.272      0.000
 904   -2    -27.215     30.644      0.000
  -1   -2    -25.608    -12.669      0.000
 905   -2    -25.840     -6.905      0.000
 910   -2    -26.270     -3.024      0.000
  -1   -2    -25.570    -23.580      0.000
 921   -2    -27.239     19.750      0.000
 911   -2    -27.113     15.561      0.000
 912   -2    -27.620     28.285      0.000
 913   -2    -26.668     -1.401      0.000
  -1   -2    -28.164     32.879      0.000
 918   -2    -26.689    -12.074      0.000
 922   -2    -28.104     23.538      0.000
  -1   -2    -27.296      1.340      0.000
  -1   -2    -28.594     35.253      0.000
 923   -2    -27.609      7.205      0.000
  -1   -2    -29.257     51.217      0.000
 927   -2    -26.963    -12.626      0.000
 930   -2    -27.308     -4.503      0.000
 929   -2    -27.017    -14.760      0.000
  -1   -2    -27.258     -9.114      0.000
  -1   -2    -27.471     -3.777      0.000
  -1   -2    -27.035    -18.027      0.000
  -1   -2    -27.903     -1.339      0.000
  -1   -2    -28.435      9.328      0.000
 928   -2    -28.286      4.944      0.000
 934   -2    -27.948    -11.437      0.000
  -1   -2    -30.167     41.721      0.000
  -1   -2    -28.165    -14.493      0.000
 939   -2    -29.386     15.710      0.000
  -1   -2    -28.606     -5.333      0.000
 942   -2    -28.703     -5.572      0.000
  -1   -2    -28.328    -15.988      0.000
  -1   -2    -28.773     -4.746      0.000
  -1   -2    -28.329    -21.108      0.000
 944   -2    -28.894     -8.223      0.000
  -1   -2    -29.668      3.994      0.000
  -1   -2    -29.346     -5.963      0.000
 945   -2    -29.833      5.524      0.000
  -1   -2    -29.899      2.514      0.000
  -1   -2    -31.685     50.431      0.000
  -1   -2    -29.228    -15.465      0.000
  -1   -2    -29.811     -3.791      0.000
 952   -2    -29.850     -5.316      0.000
 964   -2    -29.348    -19.087      0.000
 953   -2    -31.377     29.140      0.000
 959   -2    -29.821    -13.627      0.000
 957   -2    -30.465      1.257      0.000
  -1   -2    -29.647    -20.726      0.000
  -1   -2    -29.854    -15.461      0.000
 960   -2    -30.153    -10.534      0.000
  -1   -2    -29.954    -18.492      0.000
 963   -2    -32.506     43.593      0.000
  -1   -2    -30.898     -4.733      0.000
 965   -2    -31.308      1.308      0.000
  -1   -2    -30.378    -24.263      0.000
  -1   -2    -32.016     16.922      0.000
  -1   -2    -31.727     -0.406      0.000
  -1   -2    -31.413    -11.442      0.000
  -1   -2    -32.828     21.505      0.000
 973   -2    -33.642     39.307      0.000
  -1   -2    -32.331      4.135      0.000
 974   -2    -33.505     27.065      0.000
 976   -2    -32.301    -10.339      0.000
  -1   -2    -32.754     -4.843      0.000
 977   -2    -32.807     -4.021      0.000
  -1   -2    -33.239     -0.179      0.000
  -1   -2    -33.929     15.870      0.000
 981   -2    -34.480     28.211      0.000
 985   -2    -35.003     35.814      0.000
 982   -2    -35.170     39.309      0.000
 988   -2    -35.394     37.057      0.000
  -1   -2    -33.711     -8.600      0.000
  -1   -2    -34.701     16.682      0.000
  -1   -2    -34.045     -3.837      0.000
 992   -2    -35.602     35.245      0.000
 990   -2    -33.242    -26.568      0.000
  -1   -2    -33.670    -17.671      0.000
  -1   -2    -33.302    -29.209      0.000
  -1   -2    -34.993     13.750      0.000
 989   -2    -35.406     21.820      0.000
  -1   -2    -36.017     32.606      0.000
  -1   -2    -36.477     36.364      0.000
  -1   -2    -37.051     43.765      0.000
  -1   -2    -35.455      0.175      0.000
1000   -2    -35.325     -7.802      0.000
  -1   -2    -36.317     16.956      0.000
  -1   -2    -37.276     37.323      0.000
  -1   -2    -34.968    -22.592      0.000
  -1   -2    -37.187     32.790      0.000
  -1   -2    -37.575     39.878      0.000
  -1   -2    -37.405     31.673      0.000
1005   -2    -37.643     35.118      0.000
1007   -2    -35.432    -22.047      0.000
1010   -2    -35.655    -25.281      0.000
1011   -2    -38.575     49.811      0.000
  -1   -2    -36.582     -8.729      0.000
  -1   -2    -38.494     36.767      0.000
1020   -2    -37.672     12.005      0.000
  -1   -2    -36.794    -12.342      0.000
1017   -2    -38.326     24.208      0.000
  -1   -2    -38.734     34.857      0.000
  -1   -2    -37.705     -3.295      0.000
1025   -2    -36.835    -25.456      0.000
1024   -2    -38.032      0.961      0.000
  -1   -2    -38.712     15.837      0.000
  -1   -2    -37.717    -13.743      0.000
  -1   -2    -37.238    -25.879      0.000
  -1   -2    -39.799     33.039      0.000
  -1   -2    -38.493     -5.662      0.000
  -1   -2    -38.577    -16.665      0.000
1032   -2    -40.580     34.185      0.000
  -1   -2    -40.609     29.460      0.000
1034   -2    -39.168     -8.848      0.000
  -1   -2    -38.805    -20.631      0.000
1036   -2    -41.570     46.729      0.000
  -1   -2    -38.919    -23.819      0.000
1040   -2    -41.861     49.828      0.000
  -1   -2    -39.103    -22.733      0.000
  -1   -2    -39.729     -7.641      0.000
1041   -2    -39.029    -25.802      0.000
  -1   -2    -40.230      2.771      0.000
  -1   -2    -38.986    -28.954      0.000
1045   -2    -39.854    -10.447      0.000
  -1   -2    -41.200     17.056      0.000
  -1   -2    -42.684     53.315      0.000
1051   -2    -42.606     42.043      0.000
1050   -2    -40.018    -24.477      0.000
  -1   -2    -40.078    -30.738      0.000
1052   -2    -40.508    -24.379      0.000
  -1   -2    -41.586      1.567      0.000
1055   -2    -41.123    -14.168      0.000
  -1   -2    -44.065     53.212      0.000
  -1   -2    -44.027     51.223      0.000
1061   -2    -42.768     14.955      0.000
1066   -2    -41.532    -17.035      0.000
1064   -2    -43.349     27.236      0.000
  -1   -2    -43.091     17.211      0.000
1060   -2    -41.451    -26.759      0.000
1062   -2    -41.423    -29.580      0.000
  -1   -2    -41.354    -31.521      0.000
1067   -2    -44.348     42.811      0.000
1068   -2    -43.690     24.518      0.000
  -1   -2    -44.231     31.601      0.000
  -1   -2    -42.808     -7.097      0.000
  -1   -2    -42.698    -15.627      0.000
  -1   -2    -43.750      9.527      0.000
  -1   -2    -42.805    -18.873      0.000
1071   -2    -45.349     38.824      0.000
  -1   -2    -44.995     23.463      0.000
1074   -2    -43.087    -27.565      0.000
  -1   -2    -44.321      1.341      0.000
  -1   -2    -45.773     33.191      0.000
  -1   -2    -45.257     16.259      0.000
  -1   -2    -44.140    -27.687      0.000
  -1   -2    -44.203    -28.071      0.000
  -1   -2    -44.588    -23.039      0.000
  -1   -2    -44.821    -24.320      0.000
1080   -2    -46.277      7.916      0.000
  -1   -2    -46.274      6.546      0.000
  -1   -2    -46.724     16.249      0.000
  -1   -2    -46.160      2.114      0.000
1081   -2    -44.863    -29.618      0.000
  -1   -2    -45.716    -11.169      0.000
1086   -2    -45.432    -25.394      0.000
  -1   -2    -46.826      5.743      0.000
  -1   -2    -46.183    -12.051      0.000
  -1   -2    -46.888      1.471      0.000
1088   -2    -49.049     52.875      0.000
  -1   -2    -45.815    -31.602      0.000
  -1   -2    -48.562      7.707      0.000
1089   -2    -47.042    -30.365      0.000
1091   -2    -47.677    -19.589      0.000
1092   -2    -47.380    -29.773      0.000
  -1   -2    -48.631     -2.849      0.000
1093   -2    -50.077     30.107      0.000
1094   -2    -49.507      9.307      0.000
  -1   -2    -49.442      7.559      0.000
1095   -2    -49.493      1.552      0.000
1097   -2    -48.705    -19.760      0.000
  -1   -2    -49.318     -5.379      0.000
1100   -2    -50.093     -0.393      0.000
  -1   -2    -49.829     -7.271      0.000
1101   -2    -49.038    -28.729      0.000
1102   -2    -50.576      5.446      0.000
  -1   -2    -49.833    -21.172      0.000
1105   -2    -52.927     52.902      0.000
1106   -2    -51.374      8.172      0.000
1107   -2    -50.667    -11.071      0.000
  -1   -2    -51.227     -3.981      0.000
1109   -2    -51.631      3.505      0.000
  -1   -2    -50.717    -20.953      0.000
  -1   -2    -53.651     48.211      0.000
1116   -2    -51.014    -29.494      0.000
1115   -2    -51.945     -8.136      0.000
  -1   -2    -53.354     20.391      0.000
  -1   -2    -53.379     18.682      0.000
  -1   -2    -53.402     17.807      0.000
1119   -2    -54.073     30.596      0.000
  -1   -2    -52.279    -19.901      0.000
  -1   -2    -56.072     36.543      0.000
  -1   -2    -55.945     28.822      0.000
  -1   -2    -56.086     25.205      0.000
1124   -2    -56.752     36.561      0.000
1126   -2    -56.209     16.547      0.000
1127   -2    -56.457     20.528      0.000
1128   -2    -56.482     20.228      0.000
1129   -2    -56.499     19.720      0.000
1130   -2    -56.472     18.781      0.000
1132   -2    -56.500     17.800      0.000
1131   -2    -54.573    -28.413      0.000
1133   -2    -56.609     16.576      0.000
  -1   -2    -56.600     15.407      0.000
1136   -2    -57.329     32.852      0.000
1135   -2    -56.598     14.702      0.000
1137   -2    -58.123     49.641      0.000
1138   -2    -57.121     20.086      0.000
  -1   -2    -57.512     29.612      0.000
  -1   -2    -57.225     19.160      0.000
1141   -2    -57.199     17.454      0.000
  -1   -2    -57.238     14.713      0.000
1143   -2    -58.367     41.660      0.000
1145   -2    -55.666    -28.055      0.000
  -1   -2    -56.742    -10.512      0.000
1146   -2    -58.318     20.554      0.000
1147   -2    -59.331     31.578      0.000
  -1   -2    -57.046    -22.926      0.000
  -1   -2    -56.991    -25.875      0.000
1149   -2    -59.748     38.350      0.000
1152   -2    -59.641     34.042      0.000
1150   -2    -57.079    -27.055      0.000
1154   -2    -58.866      5.888      0.000
1155   -2    -60.171     36.737      0.000
  -1   -2    -58.698      0.394      0.000
1156   -2    -59.682     23.907      0.000
1158   -2    -58.031    -18.160      0.000
1162   -2    -60.045     29.507      0.000
  -1   -2    -57.702    -26.227      0.000
1160   -2    -57.580    -29.952      0.000
1161   -2    -57.725    -27.095      0.000
1164   -2    -60.138     29.750      0.000
  -1   -2    -59.330      4.994      0.000
1165   -2    -58.661    -11.643      0.000
  -1   -2    -61.266     44.980      0.000
1167   -2    -59.644      3.769      0.000
1168   -2    -58.606    -22.539      0.000
1170   -2    -60.956     32.230      0.000
  -1   -2    -59.187    -10.831      0.000
1171   -2    -60.482     18.672      0.000
1172   -2    -59.189    -13.804      0.000
1173   -2    -60.325      5.354      0.000
  -1   -2    -59.554    -14.018      0.000
1176   -2    -60.346      3.535      0.000
  -1   -2    -59.516    -24.014      0.000
1178   -2    -60.377     -7.404      0.000
1181   -2    -61.824     25.103      0.000
1179   -2    -60.106    -16.266      0.000
1180   -2    -61.055      5.403      0.000
1182   -2    -60.498     -9.447      0.000
1183   -2    -60.362    -13.006      0.000
1184   -2    -62.949     46.385      0.000
  -1   -2    -63.182     52.107      0.000
1185   -2    -61.046     -1.332      0.000
1186   -2    -62.008     18.332      0.000
  -1   -2    -62.703     34.235      0.000
1187   -2    -61.788     10.441      0.000
1189   -2    -60.696    -16.557      0.000
  -1   -2    -62.787     30.948      0.000
1191   -2    -61.824      7.719      0.000
  -1   -2    -60.419    -24.949      0.000
1190   -2    -61.002    -12.499      0.000
1193   -2    -63.200     35.576      0.000
  -1   -2    -63.337     34.058      0.000
  -1   -2    -63.982     39.275      0.000
1196   -2    -63.648     27.674      0.000
1197   -2    -64.025     35.298      0.000
  -1   -2    -62.028    -13.398      0.000
1201   -2    -64.434     40.749      0.000
  -1   -2    -63.197     10.694      0.000
1200   -2    -63.331     12.528      0.000
1202   -2    -63.098      4.918      0.000
1203   -2    -63.008     -2.265      0.000
1204   -2    -62.205    -22.226      0.000
1205   -2    -64.172     18.694      0.000
1206   -2    -64.007     13.144      0.000
1208   -2    -64.659     27.410      0.000
1207   -2    -62.474    -25.762      0.000
1209   -2    -62.977    -15.840      0.000
  -1   -2    -62.442    -28.340      0.000
1211   -2    -63.589     -7.551      0.000
1213   -2    -63.402    -21.075      0.000
1214   -2    -63.334    -25.581      0.000
1220   -2    -65.878     30.885      0.000
1215   -2    -64.976      9.383      0.000
1217   -2    -64.899      7.394      0.000
1216   -2    -64.735      3.244      0.000
1218   -2    -66.649     49.079      0.000
1219   -2    -65.573     21.423      0.000
  -1   -2    -64.855      3.890      0.000
  -1   -2    -65.181      8.900      0.000
1224   -2    -65.052     -2.467      0.000
1225   -2    -65.060     -5.045      0.000
1227   -2    -66.439     26.622      0.000
1226   -2    -66.035     14.464      0.000
1229   -2    -64.562    -19.497      0.000
  -1   -2    -66.900     34.880      0.000
1228   -2    -64.878    -12.510      0.000
1232   -2    -64.701    -18.132      0.000
1233   -2    -65.583     -0.513      0.000
1234   -2    -64.771    -20.699      0.000
1236   -2    -66.737     22.618      0.000
1235   -2    -66.248     10.487      0.000
1237   -2    -65.469    -11.487      0.000
  -1   -2    -65.860     -6.414      0.000
1239   -2    -66.827     13.352      0.000
1240   -2    -66.751     10.927      0.000
1241   -2    -66.736      6.778      0.000
1242   -2    -65.495    -21.975      0.000
1243   -2    -66.757      4.148      0.000
1244   -2    -66.098    -11.827      0.000
1246   -2    -66.432    -13.920      0.000
1247   -2    -67.161     -2.435      0.000
1248   -2    -67.028     -9.330      0.000
1249   -2    -66.620    -21.874      0.000
1250   -2    -67.230    -10.693      0.000
1251   -2    -67.098    -19.098      0.000
  -1   -2    -67.101    -21.749      0.000
  -1   -2    -67.367    -23.255      0.000
