1252
   0    0     51.357     43.394      0.000
   1    1     50.973     32.076      0.000
  -1   -2     50.202     35.118      0.000
   3    4     50.027     40.899      0.000
   4    7     50.131     28.902      0.000
   5    6     50.804      3.165      0.000
  -1   -2     50.100     22.762      0.000
   6    8     49.577     41.500      0.000
   7    9     50.193     13.541      0.000
   8   10     50.277      7.322      0.000
   9   11     50.010     15.156      0.000
  -1   -2     49.920     13.094      0.000
  12   12     49.720      9.429      0.000
  11   15     49.811      4.962      0.000
  -1   14     49.992     -2.751      0.000
  17   20     49.435     -7.206      0.000
  14   -2     49.008      6.932      0.000
  15   21     48.133     38.008      0.000
  -1   -2     49.515    -15.351      0.000
  -1   -2     49.263     -9.472      0.000
  16   22     48.385     22.834      0.000
  18   23     47.907     31.005      0.000
  -1   -2     48.774     -8.209      0.000
  -1   -2     48.011     19.914      0.000
  19   25     48.120     13.078      0.000
  22   19     48.767    -13.603      0.000
  -1   -2     48.495     -4.883      0.000
  -1   -2     48.333     -1.777      0.000
  20   27     47.566     26.199      0.000
  -1   -2     48.452    -17.059      0.000
  21   29     46.996     33.644      0.000
  -1   -2     46.793     41.248      0.000
  -1   -2     46.043     48.150      0.000
  25   34     47.328     -3.724      0.000
  30   -2     46.109     29.705      0.000
  -1   -2     46.979     -4.652      0.000
  -1   -2     46.878     -1.522      0.000
  -1   -2     47.436    -23.475      0.000
  -1   -2     47.261    -19.069      0.000
  38   33     47.009    -24.039      0.000
  34   37     45.707     20.410      0.000
  -1   -2     45.853     14.694      0.000
  33   39     45.921     10.338      0.000
  -1   -2     45.709     18.084      0.000
  36   40     44.913     32.014      0.000
  39   43     45.901     -6.498      0.000
  -1   -2     45.963     -8.943      0.000
  -1   -2     45.150     10.264      0.000
  -1   -2     44.781     22.437      0.000
  41   45     44.925     11.713      0.000
  -1   -2     44.576     22.199      0.000
  -1   -2     44.755      3.493      0.000
  43   47     44.024     26.498      0.000
  46   -2     44.288     16.562      0.000
  -1   -2     43.939     28.469      0.000
  -1   48     43.586     40.796      0.000
  -1   -2     43.529     38.004      0.000
  47   52     43.779     24.218      0.000
  -1   -2     44.560    -12.210      0.000
  49   53     43.314     32.766      0.000
  -1   -2     43.440     27.984      0.000
  48   55     43.056     38.751      0.000
  -1   -2     44.538    -23.985      0.000
  52   57     43.277     16.122      0.000
  55   58     42.556     26.265      0.000
  -1   -2     42.445     28.590      0.000
  56   60     41.591     52.845      0.000
  -1   -2     41.557     31.882      0.000
  -1   63     40.953     52.441      0.000
  61   -2     41.996     11.802      0.000
  63   65     40.807     53.147      0.000
  62   64     40.873     50.430      0.000
  64   -2     40.797     48.723      0.000
  65   67     40.734     45.373      0.000
  -1   -2     40.530     40.900      0.000
  -1   -2     40.979     23.948      0.000
  -1   -2     40.416     37.903      0.000
  -1   70     40.050     48.755      0.000
  -1   -2     40.367     35.833      0.000
  76   75     39.718     16.258      0.000
  77   76     39.656     17.785      0.000
  78   79     39.730     12.621      0.000
  79   80     39.408     22.554      0.000
  80   81     39.542     15.662      0.000
  81   82     40.492    -22.364      0.000
  -1   -2     39.510     11.718      0.000
  84   84     39.381     13.586      0.000
  82   86     39.447     10.447      0.000
  -1   -2     39.306     14.182      0.000
  -1   -2     38.676     36.032      0.000
  -1   -2     39.788     -4.121      0.000
  -1   89     39.389      8.175      0.000
  -1   -2     38.113     53.063      0.000
  -1   -2     39.322      7.126      0.000
  -1   -2     38.771     25.756      0.000
  -1   -2     39.717    -13.089      0.000
  88   91     39.162      6.266      0.000
  94   93     39.223      2.104      0.000
  90   -2     39.123      4.842      0.000
  91   94     38.601     22.553      0.000
  92   96     39.131      3.577      0.000
  -1   -2     39.129      2.705      0.000
  -1   -2     39.103      2.230      0.000
  -1   -2     38.057     38.757      0.000
  96   97     39.019      1.215      0.000
  97  100     39.021     -2.321      0.000
  98   99     38.984     -2.575      0.000
  -1   -2     38.897     -0.359      0.000
 100  102     38.919     -2.953      0.000
 105   -2     38.832     -3.627      0.000
 101  103     37.378     48.468      0.000
 106   -2     38.673     -5.781      0.000
 107  106     38.141     11.417      0.000
 111  108     36.915     52.041      0.000
 114  110     37.421     26.335      0.000
  -1   -2     37.013     37.525      0.000
 115   -2     38.126     -4.121      0.000
 116   -2     38.431    -15.794      0.000
  -1   -2     38.402    -17.488      0.000
 117  114     37.296     11.428      0.000
  -1   -2     36.644     27.865      0.000
 119  117     38.134    -29.848      0.000
  -1   -2     37.757    -20.047      0.000
  -1   -2     36.380     22.213      0.000
  -1   -2     36.149     16.355      0.000
 122  118     35.574     34.572      0.000
 123  120     35.803     21.971      0.000
 124  119     34.965     52.122      0.000
 126  122     35.384     25.857      0.000
 128  124     34.831     16.840      0.000
 129  123     35.316     -3.176      0.000
 130  126     33.816     32.106      0.000
 131  127     34.812     -7.070      0.000
  -1   -2     34.773    -22.470      0.000
 133  129     33.972     -0.865      0.000
  -1  130     33.930     -1.821      0.000
  -1  131     34.230    -22.567      0.000
 134  132     34.266    -25.090      0.000
 136  133     33.605     -3.401      0.000
 137  134     32.166     39.241      0.000
 142   -2     31.470     51.789      0.000
 138  135     33.574    -27.411      0.000
 139  136     32.880     -7.387      0.000
 140  138     33.426    -28.563      0.000
 141  137     32.673     -3.257      0.000
 144  139     31.349     30.721      0.000
 143  142     31.144     36.752      0.000
 145  140     32.918    -26.025      0.000
 146  141     32.906    -26.703      0.000
 147  143     32.765    -31.220      0.000
 149  144     32.406    -25.075      0.000
 150  145     32.138    -26.655      0.000
 151  147     30.605     21.884      0.000
 153  149     29.187     39.696      0.000
 155  148     28.813     46.865      0.000
 157  154     29.142     10.314      0.000
  -1   -2     29.840    -14.878      0.000
  -1   -2     28.837     12.939      0.000
 160  156     28.068     36.888      0.000
 161  161     28.450     20.339      0.000
 178   -2     29.301    -13.607      0.000
 163  160     27.549     45.105      0.000
 175  152     29.331    -18.397      0.000
  -1   -2     28.989    -10.653      0.000
 169  159     28.835     -6.734      0.000
  -1   -2     28.920    -11.975      0.000
  -1   -2     27.937     12.026      0.000
  -1   -2     28.525    -16.305      0.000
 170  165     26.924     34.281      0.000
 174  166     28.556    -26.626      0.000
  -1   -2     26.888     18.502      0.000
  -1   -2     27.292      4.302      0.000
  -1   -2     27.912    -24.010      0.000
 180  170     26.580     19.269      0.000
 181  175     26.785      2.113      0.000
 182  172     27.644    -26.258      0.000
 183   -2     26.135     22.019      0.000
 187   -2     24.945     51.767      0.000
 184  174     27.312    -28.637      0.000
 190  179     25.761     15.635      0.000
 194  176     27.036    -29.892      0.000
  -1   -2     26.299     -6.284      0.000
 188  185     25.783     10.121      0.000
  -1   -2     26.680    -19.723      0.000
 192  184     24.953     36.109      0.000
 195  182     25.984     -1.235      0.000
 197  180     26.192    -10.513      0.000
 200   -2     26.454    -24.152      0.000
  -1  189     26.412    -23.884      0.000
 201  181     26.266    -22.551      0.000
  -1   -2     25.563    -11.417      0.000
 208   -2     25.777    -24.675      0.000
  -1   -2     24.021     27.436      0.000
 205  194     24.340     15.381      0.000
  -1   -2     25.025     -9.314      0.000
 204  201     24.587      2.048      0.000
 207  200     23.893     24.506      0.000
 216  187     24.955    -15.057      0.000
 211  196     24.544     -3.435      0.000
  -1   -2     23.774     19.195      0.000
 212  204     23.124     40.680      0.000
 221  190     24.750    -14.586      0.000
 214  202     24.339     -4.971      0.000
  -1   -2     23.892      7.720      0.000
 215  203     24.999    -28.623      0.000
 217  197     24.281     -8.614      0.000
  -1   -2     22.731     40.731      0.000
 226  198     24.293    -12.633      0.000
 213  209     23.531      6.933      0.000
 223  206     23.147     16.083      0.000
  -1   -2     22.753     25.915      0.000
 219  212     22.579     31.722      0.000
 220  215     22.126     44.868      0.000
  -1   -2     22.434     33.659      0.000
 225   -2     21.907     48.983      0.000
  -1   -2     23.125      3.214      0.000
 228  217     22.689     10.090      0.000
  -1   -2     22.672      7.996      0.000
  -1  219     22.962     -2.014      0.000
 230  224     22.677      0.306      0.000
  -1   -2     21.752     28.528      0.000
  -1   -2     23.193    -20.701      0.000
  -1  232     22.748     -9.693      0.000
  -1   -2     22.939    -17.274      0.000
  -1   -2     23.178    -27.443      0.000
 233  227     22.406     -3.215      0.000
  -1  226     22.384     -4.079      0.000
  -1   -2     22.814    -19.368      0.000
  -1   -2     22.413     -7.769      0.000
  -1   -2     22.694    -19.813      0.000
  -1   -2     21.882      2.063      0.000
  -1   -2     21.831      0.830      0.000
 247  228     22.169    -12.245      0.000
  -1   -2     22.332    -19.565      0.000
  -1   -2     21.751     -1.669      0.000
  -1   -2     21.685      0.037      0.000
  -1   -2     20.698     32.421      0.000
  -1   -2     22.010    -10.844      0.000
  -1   -2     20.446     37.242      0.000
 244  240     21.508     -4.853      0.000
 245  239     20.883     14.923      0.000
 257   -2     21.531    -10.112      0.000
 252   -2     21.528    -13.019      0.000
  -1   -2     21.859    -25.855      0.000
  -1   -2     21.373    -11.067      0.000
  -1  242     21.861    -26.840      0.000
  -1   -2     19.871     32.009      0.000
 272   -2     21.246    -17.275      0.000
  -1   -2     20.729     -1.743      0.000
 259  244     20.928     -8.584      0.000
 258  251     20.554     -2.910      0.000
 249  253     18.949     49.806      0.000
 262  249     21.375    -29.643      0.000
 267  254     21.081    -28.779      0.000
 261   -2     19.231     30.741      0.000
  -1   -2     19.109     34.446      0.000
 268  255     19.609     15.131      0.000
  -1   -2     20.369     -9.409      0.000
 263   -2     19.164     28.592      0.000
  -1  256     18.487     51.277      0.000
 265  257     19.711      9.297      0.000
 276  248     20.244    -11.905      0.000
 270  258     19.770      0.335      0.000
  -1   -2     19.239     17.451      0.000
 269  260     19.563      4.726      0.000
  -1   -2     20.074    -18.157      0.000
  -1   -2     18.518     29.888      0.000
  -1   -2     19.707    -10.755      0.000
 274   -2     17.640     53.649      0.000
 275   -2     17.666     52.547      0.000
  -1   -2     18.126     31.921      0.000
 277  268     18.089     30.421      0.000
  -1   -2     19.073     -2.126      0.000
 289  266     19.041    -15.403      0.000
 283  270     19.285    -26.792      0.000
 284  272     17.266     34.632      0.000
 282  277     17.013     39.247      0.000
 286  278     18.243     -1.205      0.000
 293  279     17.228     25.603      0.000
 287  287     17.051     31.166      0.000
  -1   -2     18.676    -21.198      0.000
  -1   -2     18.634    -20.402      0.000
 288  284     17.304     21.754      0.000
  -1   -2     17.121     27.650      0.000
  -1   -2     18.852    -28.590      0.000
  -1   -2     18.011     -2.635      0.000
 294  283     18.754    -26.830      0.000
 291  289     16.709     38.134      0.000
  -1   -2     18.681    -25.717      0.000
  -1   -2     17.429     13.247      0.000
  -1   -2     18.139    -15.027      0.000
  -1   -2     16.568     29.220      0.000
 295  292     17.087     11.526      0.000
 307  281     17.716    -11.314      0.000
 298   -2     18.199    -28.700      0.000
 312  290     17.512    -14.812      0.000
  -1  298     17.754    -22.993      0.000
  -1   -2     15.818     33.428      0.000
 305  294     16.892     -6.530      0.000
 303  297     15.753     26.220      0.000
 304  300     16.445      1.078      0.000
 306   -2     15.234     39.454      0.000
 309   -2     17.316    -28.262      0.000
 310   -2     15.985     12.862      0.000
 313  299     17.311    -29.833      0.000
  -1   -2     14.871     45.856      0.000
 315  302     17.096    -26.999      0.000
  -1   -2     15.065     37.257      0.000
  -1   -2     15.098     35.491      0.000
  -1   -2     15.792      9.128      0.000
  -1   -2     15.701     10.364      0.000
 316  309     15.137     28.388      0.000
 311  315     14.742     40.579      0.000
  -1   -2     15.751      5.931      0.000
 317  317     15.287     17.578      0.000
  -1   -2     15.481      9.659      0.000
  -1  318     15.253     15.127      0.000
  -1   -2     16.532    -25.072      0.000
 322  323     14.353     43.839      0.000
 323  314     16.566    -26.993      0.000
  -1   -2     16.275    -22.790      0.000
 332  316     14.112     46.005      0.000
 326  307     15.899    -12.848      0.000
  -1   -2     14.175     41.077      0.000
  -1   -2     16.119    -21.151      0.000
  -1   -2     14.553     19.866      0.000
 325  327     14.201     26.186      0.000
 327  328     14.412     18.831      0.000
  -1   -2     13.932     33.499      0.000
  -1   -2     15.441    -14.777      0.000
  -1   -2     15.592    -21.257      0.000
  -1   -2     15.583    -21.508      0.000
  -1   -2     13.586     39.122      0.000
  -1  336     14.853     -1.704      0.000
  -1   -2     15.150    -11.585      0.000
 331  332     14.082     22.112      0.000
 329  330     14.383     10.434      0.000
  -1   -2     13.969     22.291      0.000
  -1   -2     14.762     -3.983      0.000
 338  329     14.752     -7.552      0.000
 334  341     13.930     16.084      0.000
 340   -2     14.470     -2.102      0.000
 347  337     15.309    -28.556      0.000
 337  340     13.909     12.879      0.000
  -1   -2     14.880    -19.728      0.000
 355  333     14.451     -8.777      0.000
  -1   -2     14.233     -2.535      0.000
  -1   -2     12.808     36.469      0.000
 342  350     13.794      4.710      0.000
 349  347     13.744      6.287      0.000
 354  344     14.099     -6.935      0.000
  -1   -2     14.500    -20.022      0.000
 366  338     14.183    -11.494      0.000
 348   -2     13.610      3.646      0.000
  -1   -2     14.132    -14.001      0.000
 357  351     12.438     37.021      0.000
  -1   -2     14.167    -18.141      0.000
  -1   -2     14.089    -18.597      0.000
  -1   -2     14.302    -29.654      0.000
 359  354     11.853     45.252      0.000
 365  353     12.546     20.466      0.000
  -1   -2     11.811     41.988      0.000
 384  335     13.783    -22.757      0.000
  -1   -2     12.871      4.859      0.000
 360  364     11.420     49.254      0.000
 364   -2     12.828      1.840      0.000
 358  366     13.461    -21.648      0.000
  -1   -2     12.968     -7.694      0.000
 370  358     11.306     44.345      0.000
 377   -2     11.805     25.983      0.000
 371  363     12.521      3.054      0.000
 387  355     12.917    -10.337      0.000
 369  379     12.446      2.799      0.000
  -1   -2     13.405    -29.570      0.000
 372  371     12.119      9.357      0.000
 376  372     12.353      1.674      0.000
  -1   -2     10.969     45.055      0.000
 380  368     12.376     -3.538      0.000
  -1  373     10.903     41.852      0.000
 381  370     11.574     20.150      0.000
 386   -2     11.580     16.747      0.000
 388  374     11.361     21.732      0.000
 383  377     11.997      0.654      0.000
 382  378     11.052     29.534      0.000
 389  375     11.253     22.850      0.000
  -1   -2     11.784      2.910      0.000
 396  382     11.036     21.397      0.000
 400  383     10.783     28.080      0.000
  -1   -2     12.463    -25.039      0.000
  -1   -2     10.549     31.953      0.000
 397  387     11.354      5.664      0.000
 406  381     11.724     -7.275      0.000
 395  389     11.230      7.930      0.000
  -1   -2     11.876    -12.247      0.000
  -1   -2     11.312      1.936      0.000
  -1   -2     10.458     28.105      0.000
  -1   -2     12.028    -21.667      0.000
 415   -2     11.561     -7.460      0.000
  -1   -2     10.880     13.323      0.000
  -1   -2     10.650     19.836      0.000
  -1   -2     11.493    -13.146      0.000
 408  394     11.010      0.381      0.000
 409  392     10.350     19.826      0.000
 426  384     11.398    -14.119      0.000
  -1   -2     10.525     12.138      0.000
 405   -2      9.455     43.491      0.000
 411  396     10.900     -2.494      0.000
 425  386     11.180    -13.162      0.000
 413  400      9.304     42.674      0.000
 421   -2     11.541    -28.519      0.000
 423  399     11.507    -29.714      0.000
  -1   -2     10.883    -11.807      0.000
 420  401     10.489     -3.069      0.000
 422  404      9.342     32.235      0.000
  -1   -2     10.102      7.707      0.000
  -1  406     10.802    -14.017      0.000
  -1   -2     11.086    -23.296      0.000
 418  408      9.143     34.337      0.000
  -1   -2      8.793     42.962      0.000
  -1   -2      9.828      5.137      0.000
  -1   -2      9.109     27.035      0.000
  -1   -2      8.679     39.698      0.000
 428  412      9.695      0.320      0.000
  -1   -2      9.132     17.695      0.000
 439   -2     10.327    -22.515      0.000
 431  413      9.666     -3.255      0.000
 432  414      8.793     21.128      0.000
 433  416      9.598     -4.849      0.000
  -1  417      8.819     16.019      0.000
 435  418      9.121      3.772      0.000
 436  419      8.581     16.660      0.000
 438  421      8.863      5.483      0.000
  -1   -2      9.693    -20.306      0.000
 451  411      9.463    -17.415      0.000
 437   -2      7.154     51.644      0.000
 442   -2      7.526     36.932      0.000
  -1   -2      9.224    -22.390      0.000
  -1   -2      8.158      9.220      0.000
 440  431      7.244     36.388      0.000
 449  428      7.768     13.202      0.000
 450  429      7.760     11.677      0.000
  -1   -2      8.364     -7.746      0.000
  -1   -2      8.760    -22.484      0.000
 452  432      8.039     -2.776      0.000
 456  433      8.758    -29.551      0.000
 460  430      8.700    -28.260      0.000
 465   -2      8.093    -12.518      0.000
 453  438      6.539     33.577      0.000
  -1   -2      6.859     22.685      0.000
 454  443      7.126     13.513      0.000
 455  444      6.189     41.190      0.000
 461  435      6.602     22.813      0.000
 463  442      7.368     -4.019      0.000
 462  446      6.693      9.979      0.000
  -1   -2      7.715    -25.005      0.000
 467  450      5.645     35.783      0.000
  -1   -2      7.192    -11.848      0.000
  -1   -2      5.452     39.618      0.000
 471  449      6.811     -4.249      0.000
  -1   -2      5.515     35.243      0.000
  -1   -2      7.594    -30.528      0.000
  -1   -2      5.419     33.541      0.000
 477  447      6.934    -13.739      0.000
  -1   -2      5.207     36.802      0.000
  -1   -2      7.237    -25.519      0.000
  -1   -2      4.856     46.844      0.000
 475  451      7.271    -28.788      0.000
  -1   -2      6.987    -22.109      0.000
 474  453      5.672     16.969      0.000
  -1   -2      5.434     23.601      0.000
 478  457      7.002    -28.163      0.000
  -1   -2      5.711      6.637      0.000
 481  459      6.252    -11.273      0.000
 479  461      5.825     -0.102      0.000
 482  460      5.909     -4.211      0.000
  -1   -2      5.187     17.451      0.000
  -1   -2      4.645     32.527      0.000
  -1  464      5.238     11.663      0.000
  -1   -2      4.590     30.961      0.000
  -1   -2      6.024    -14.379      0.000
 480  474      4.512     31.361      0.000
 486  469      5.543     -2.608      0.000
  -1  458      5.032     10.406      0.000
 491  466      4.446     25.848      0.000
  -1   -2      5.249     -1.439      0.000
 487  475      3.793     41.986      0.000
  -1   -2      5.613    -13.884      0.000
  -1   -2      4.228     27.154      0.000
 490  476      5.071     -0.127      0.000
 488  480      3.939     34.198      0.000
 497  478      5.802    -28.342      0.000
 492  481      3.493     41.143      0.000
  -1   -2      5.451    -23.807      0.000
  -1   -2      5.272    -18.918      0.000
  -1   -2      5.133    -15.584      0.000
  -1   -2      5.533    -29.787      0.000
 499  482      3.777     21.291      0.000
  -1   -2      3.196     34.633      0.000
  -1  486      5.262    -29.155      0.000
 503  477      4.566    -10.607      0.000
 501  493      3.619      8.065      0.000
 502  490      3.581      8.660      0.000
 506  487      4.044     -5.326      0.000
 500  488      3.074     23.157      0.000
 507  489      3.033     21.331      0.000
  -1   -2      3.352     11.509      0.000
  -1   -2      2.253     43.418      0.000
  -1   -2      4.035    -13.456      0.000
  -1   -2      4.055    -21.242      0.000
  -1   -2      2.835     14.233      0.000
 510  503      3.018      3.289      0.000
 514  496      3.397     -8.200      0.000
 517  498      3.302     -6.975      0.000
 509  504      2.511     16.770      0.000
 525   -2      3.996    -28.343      0.000
 512   -2      2.773      4.039      0.000
 519   -2      1.976     27.596      0.000
 513  507      1.665     32.259      0.000
  -1   -2      1.121     47.847      0.000
  -1   -2      3.280    -18.570      0.000
  -1   -2      3.468    -30.612      0.000
 518  514      1.368     31.618      0.000
 522  512      1.712     16.962      0.000
 528  509      2.422     -6.591      0.000
  -1  508      3.192    -30.036      0.000
 543  501      2.840    -20.478      0.000
 523  516      0.520     46.971      0.000
 530  517      2.101     -5.662      0.000
 531  515      1.173     20.360      0.000
 529   -2      1.831      0.515      0.000
 526  527      2.628    -24.996      0.000
 532  520      0.251     42.621      0.000
  -1   -2      0.328     37.790      0.000
 536  522      1.009     16.055      0.000
 538  519      1.669     -3.733      0.000
 539  518      0.767     22.950      0.000
  -1   -2      1.252      6.450      0.000
  -1   -2      0.405     29.965      0.000
  -1   -2      2.234    -28.333      0.000
 541   -2      0.968      8.534      0.000
 542  528      1.149     -0.928      0.000
 546  526      0.410     18.957      0.000
 545  530      0.496     16.150      0.000
  -1  540      1.593    -17.229      0.000
  -1   -2      1.800    -24.842      0.000
  -1   -2      1.038     -3.902      0.000
 547   -2      0.897     -2.294      0.000
 544  534      0.778      1.215      0.000
  -1   -2      0.485      6.991      0.000
  -1   -2      1.307    -19.117      0.000
  -1   -2      0.645     -1.902      0.000
  -1   -2     -0.003     13.590      0.000
 548  543      1.494    -30.592      0.000
  -1   -2     -1.087     43.071      0.000
 551  542     -0.584     23.539      0.000
  -1   -2      0.514     -9.838      0.000
 554  544      1.088    -29.618      0.000
  -1   -2     -1.487     44.012      0.000
  -1   -2     -0.229      1.823      0.000
 556   -2     -1.032     20.803      0.000
  -1   -2      0.267    -17.649      0.000
 555  547     -0.457      1.278      0.000
  -1   -2      0.305    -22.528      0.000
 558   -2     -1.736     33.321      0.000
  -1   -2     -1.367     17.330      0.000
 559   -2     -1.144      5.900      0.000
 560  552     -1.872     27.019      0.000
 564  549     -1.411     12.904      0.000
 562  551     -0.993     -3.773      0.000
  -1   -2     -2.528     41.868      0.000
 561  553     -2.672     45.700      0.000
 565  557     -3.196     49.854      0.000
 569  555     -2.065     15.083      0.000
 567  558     -1.689      2.834      0.000
  -1   -2     -1.001    -24.993      0.000
  -1   -2     -2.879     25.606      0.000
 570  559     -1.975     -1.212      0.000
 571   -2     -3.113     31.374      0.000
 574   -2     -1.073    -28.366      0.000
  -1  560     -1.038    -29.873      0.000
  -1   -2     -1.517    -16.589      0.000
  -1   -2     -2.954     23.135      0.000
 575  562     -3.539     35.724      0.000
  -1   -2     -1.700    -19.355      0.000
 583   -2     -1.985    -11.680      0.000
  -1   -2     -1.952    -16.839      0.000
  -1   -2     -2.706      0.395      0.000
  -1   -2     -3.740     28.379      0.000
 580  567     -3.986     32.638      0.000
  -1   -2     -3.467     16.427      0.000
  -1   -2     -3.937     29.201      0.000
  -1   -2     -3.173      3.968      0.000
  -1  563     -2.405    -18.371      0.000
 579  576     -3.806     21.731      0.000
 586  572     -3.541     12.750      0.000
  -1   -2     -2.987     -4.627      0.000
  -1   -2     -2.798    -12.260      0.000
 590  575     -3.887     17.623      0.000
  -1   -2     -3.746     12.205      0.000
 601  564     -2.928    -14.737      0.000
  -1   -2     -2.803    -18.481      0.000
  -1   -2     -4.638     34.671      0.000
  -1   -2     -4.889     41.163      0.000
 593  578     -4.848     38.691      0.000
 594  580     -3.472     -5.073      0.000
 592  589     -3.838      3.214      0.000
 595  570     -4.751     29.216      0.000
  -1   -2     -5.210     41.830      0.000
  -1   -2     -5.031     33.786      0.000
 597  583     -5.201     38.608      0.000
  -1   -2     -3.130    -25.042      0.000
 599  587     -4.837     22.343      0.000
 600  585     -5.290     35.575      0.000
 596  591     -4.203      1.491      0.000
  -1   -2     -4.673     14.656      0.000
 602  588     -5.350     34.636      0.000
  -1   -2     -3.295    -29.450      0.000
  -1   -2     -4.199     -8.046      0.000
 604  593     -4.451     -0.952      0.000
  -1   -2     -4.688      4.796      0.000
  -1   -2     -3.913    -21.171      0.000
  -1  586     -4.095    -17.075      0.000
 607  594     -5.136     11.698      0.000
 606  600     -5.733     26.849      0.000
  -1   -2     -6.168     37.409      0.000
 612  597     -6.028     32.491      0.000
  -1   -2     -4.759     -5.729      0.000
 609  603     -5.055      2.744      0.000
  -1   -2     -5.954     25.512      0.000
  -1  605     -4.029    -29.919      0.000
 618  601     -5.087     -2.686      0.000
 617  606     -5.035     -6.104      0.000
  -1   -2     -6.213     26.087      0.000
 623  596     -6.430     30.571      0.000
 620  608     -6.253     25.035      0.000
 625  604     -5.179     -7.911      0.000
  -1   -2     -5.443     -2.051      0.000
 624  613     -6.118     13.230      0.000
  -1   -2     -5.616     -3.633      0.000
  -1   -2     -6.628     23.296      0.000
  -1   -2     -6.868     26.576      0.000
  -1   -2     -5.131    -23.934      0.000
 627  615     -5.858     -6.028      0.000
  -1   -2     -5.491    -17.841      0.000
  -1   -2     -5.661    -13.560      0.000
  -1   -2     -5.287    -30.208      0.000
 631  618     -7.726     38.649      0.000
  -1   -2     -7.116     16.058      0.000
  -1   -2     -8.156     46.992      0.000
  -1   -2     -6.399    -12.339      0.000
  -1   -2     -6.396    -15.312      0.000
 636   -2     -6.632     -9.376      0.000
 630  635     -8.572     46.107      0.000
 637  626     -8.336     38.281      0.000
 643   -2     -6.124    -30.323      0.000
  -1   -2     -7.379      4.981      0.000
  -1   -2     -8.099     25.799      0.000
  -1   -2     -7.768     15.158      0.000
 639  630     -7.747     13.298      0.000
 640  628     -7.597      8.546      0.000
 653  623     -6.829    -14.227      0.000
  -1   -2     -6.696    -18.403      0.000
  -1   -2     -8.121     22.249      0.000
  -1   -2     -8.379     27.894      0.000
 638  639     -7.629      5.283      0.000
  -1  640     -6.787    -21.355      0.000
  -1   -2     -8.093     14.503      0.000
  -1  625     -6.709    -25.058      0.000
 648  633     -8.159     15.574      0.000
 644  644     -7.861      6.630      0.000
  -1   -2     -6.833    -23.641      0.000
  -1   -2     -6.616    -29.830      0.000
 642  645     -8.639     26.140      0.000
  -1   -2     -7.143    -17.594      0.000
  -1  637     -6.725    -29.386      0.000
  -1   -2     -7.138    -18.752      0.000
 651  643     -9.077     35.593      0.000
 647  649     -8.010      2.666      0.000
 655  642     -7.779     -4.905      0.000
  -1  647     -7.765     -8.484      0.000
 649  652     -8.227      3.612      0.000
  -1   -2     -8.057     -2.638      0.000
 657  651     -8.079     -7.898      0.000
  -1  653     -8.284     -6.700      0.000
  -1   -2     -8.629     -0.164      0.000
  -1   -2     -7.980    -21.766      0.000
 662  661     -9.323     10.707      0.000
  -1   -2     -9.649     17.113      0.000
 665  668    -10.331     30.810      0.000
 667  662     -9.683     10.147      0.000
 666  663    -10.243     25.305      0.000
 664  671    -11.017     47.409      0.000
 670  680    -11.453     46.003      0.000
 675  675     -9.529    -10.030      0.000
 674  674    -10.188      8.471      0.000
  -1  660     -9.166    -23.311      0.000
  -1   -2    -10.650     13.684      0.000
 677  682    -10.907     19.740      0.000
  -1   -2    -11.245     28.693      0.000
  -1   -2    -10.762     14.343      0.000
  -1   -2    -11.521     30.327      0.000
  -1   -2     -9.695    -21.696      0.000
  -1   -2     -9.944    -18.253      0.000
  -1   -2    -10.121    -13.700      0.000
  -1  689    -11.060     12.081      0.000
  -1  685    -11.147     13.617      0.000
 680  690    -11.360     18.608      0.000
  -1   -2    -10.973      6.843      0.000
  -1   -2    -10.707     -8.932      0.000
 686  692    -12.310     35.980      0.000
  -1   -2    -11.489     11.663      0.000
  -1   -2    -12.668     42.140      0.000
 683  706    -12.979     48.953      0.000
 698  694    -12.622     37.404      0.000
 689  697    -12.485     32.099      0.000
 688  701    -11.518      3.886      0.000
 697  698    -11.824     11.239      0.000
 687  702    -11.535      2.452      0.000
  -1   -2    -11.677      6.235      0.000
 696   -2    -11.175     -9.112      0.000
  -1   -2    -10.450    -29.197      0.000
 692   -2    -13.346     48.464      0.000
  -1   -2    -11.688     -0.903      0.000
  -1   -2    -11.159    -17.620      0.000
  -1   -2    -10.894    -25.075      0.000
  -1   -2    -12.460     15.801      0.000
 701  710    -12.878     25.560      0.000
 702   -2    -12.441     12.660      0.000
 704  709    -13.475     42.388      0.000
 703   -2    -11.689     -9.242      0.000
 706  708    -10.942    -30.095      0.000
  -1   -2    -12.337      4.259      0.000
 710  707    -11.722    -13.093      0.000
 708  711    -12.617      6.586      0.000
  -1   -2    -11.960    -13.451      0.000
  -1   -2    -12.881      5.311      0.000
 709  714    -12.319    -10.600      0.000
  -1   -2    -13.584     20.518      0.000
 712  717    -14.238     38.413      0.000
 716  716    -13.191      6.757      0.000
  -1   -2    -14.717     43.515      0.000
 717  722    -14.352     30.973      0.000
 727  715    -12.708    -16.227      0.000
 718  725    -14.985     46.230      0.000
 720  721    -14.001     16.595      0.000
  -1  718    -12.912    -14.558      0.000
 724  724    -13.773      5.682      0.000
 725  730    -14.465     20.469      0.000
 726  732    -14.561     21.426      0.000
 722  733    -13.926      3.271      0.000
 728  729    -13.560     -8.659      0.000
 729  734    -15.561     42.959      0.000
  -1  727    -13.253    -25.544      0.000
  -1   -2    -15.007     22.404      0.000
 732   -2    -14.409      2.928      0.000
  -1   -2    -15.769     35.113      0.000
 730  743    -15.448     25.816      0.000
 733  736    -14.587     -0.356      0.000
  -1  726    -13.735    -25.123      0.000
 735   -2    -15.062     10.764      0.000
  -1   -2    -14.559     -3.609      0.000
  -1   -2    -14.701     -0.914      0.000
 739  740    -15.115      8.432      0.000
 738  742    -14.621     -5.452      0.000
 744   -2    -13.769    -29.100      0.000
  -1   -2    -16.553     48.940      0.000
 736  748    -15.322     12.537      0.000
  -1   -2    -15.143      7.493      0.000
 743  744    -16.175     34.408      0.000
 745   -2    -15.626     17.843      0.000
  -1   -2    -15.042      0.774      0.000
 747  747    -15.294      3.106      0.000
  -1   -2    -14.729    -12.963      0.000
 746  750    -15.774     13.867      0.000
 748  737    -15.377     -0.625      0.000
 742  754    -16.425     26.971      0.000
 750  753    -15.813      4.683      0.000
 753   -2    -15.886      5.277      0.000
 758  749    -15.273    -16.207      0.000
 763  746    -15.162    -19.520      0.000
 754  758    -16.438     13.122      0.000
 761  760    -16.488      0.633      0.000
 760   -2    -16.432     -1.168      0.000
 767  759    -16.044    -13.556      0.000
 771  762    -17.006     10.219      0.000
  -1   -2    -17.677     28.597      0.000
  -1   -2    -18.345     47.218      0.000
  -1   -2    -16.820      3.459      0.000
 762  771    -17.349     17.053      0.000
  -1   -2    -16.302    -12.975      0.000
 764  772    -16.665     -3.489      0.000
  -1   -2    -16.747     -1.613      0.000
  -1   -2    -17.374     15.525      0.000
  -1   -2    -18.092     35.099      0.000
 769  766    -18.230     37.585      0.000
  -1  765    -16.348    -14.920      0.000
  -1   -2    -15.820    -29.444      0.000
 773  768    -16.641     -9.495      0.000
 766  773    -16.919     -2.861      0.000
 770   -2    -18.179     30.934      0.000
 772  782    -18.192     29.504      0.000
 768  778    -18.792     45.152      0.000
 774  780    -18.138     23.823      0.000
  -1  775    -17.527      3.892      0.000
 777  784    -17.327     -2.031      0.000
  -1   -2    -19.151     48.276      0.000
 778  783    -17.654      3.252      0.000
 781   -2    -16.569    -27.587      0.000
  -1  788    -18.463     20.501      0.000
 780  786    -18.192     11.504      0.000
  -1   -2    -18.378     16.035      0.000
 782  789    -17.711     -5.023      0.000
 787   -2    -17.268    -18.014      0.000
 784  787    -17.583    -14.032      0.000
  -1   -2    -17.336    -23.304      0.000
  -1   -2    -18.700     11.733      0.000
  -1   -2    -18.744     12.608      0.000
  -1   -2    -19.911     44.669      0.000
  -1   -2    -18.670      8.983      0.000
 786  791    -19.619     33.641      0.000
  -1   -2    -19.916     37.405      0.000
 791  792    -18.336     -7.533      0.000
 790  796    -18.736     -1.232      0.000
 788  799    -19.889     30.615      0.000
 792  795    -18.965      4.647      0.000
 789  800    -19.669     19.750      0.000
  -1   -2    -20.167     33.122      0.000
 795  804    -19.298      0.661      0.000
 797  802    -19.053     -6.231      0.000
 796  805    -19.241     -2.797      0.000
 800  806    -19.348     -8.701      0.000
  -1   -2    -18.784    -24.150      0.000
 798   -2    -21.318     44.130      0.000
 801  807    -20.701     22.056      0.000
 799  815    -21.320     38.807      0.000
  -1   -2    -20.286      9.017      0.000
 810  801    -19.263    -18.729      0.000
  -1   -2    -20.753     21.266      0.000
  -1  810    -21.668     40.045      0.000
 802  812    -21.947     47.587      0.000
 813  811    -19.825    -15.314      0.000
 807  814    -20.691      4.965      0.000
  -1   -2    -19.931    -16.581      0.000
 811   -2    -20.792      5.755      0.000
 814  818    -21.010     11.068      0.000
  -1   -2    -20.814      5.292      0.000
  -1   -2    -22.220     44.204      0.000
  -1   -2    -20.124    -14.233      0.000
 809   -2    -21.873     32.837      0.000
 806  822    -21.630     25.431      0.000
 817   -2    -20.140    -15.442      0.000
 803  821    -21.473     19.965      0.000
 815  824    -21.457     16.926      0.000
 812  825    -22.248     37.399      0.000
  -1  817    -20.069    -22.199      0.000
  -1   -2    -22.236     35.559      0.000
  -1   -2    -20.813     -6.320      0.000
 819  826    -21.084     -3.458      0.000
  -1   -2    -22.991     45.143      0.000
  -1   -2    -21.442      1.639      0.000
 824  827    -21.067     -9.793      0.000
 823  829    -21.274     -5.873      0.000
 825  830    -21.300     -7.895      0.000
 827  834    -22.069     10.019      0.000
 826  835    -22.144     11.109      0.000
  -1   -2    -21.860      2.029      0.000
 828  836    -22.471     17.840      0.000
 836  823    -21.149    -20.540      0.000
 829  846    -23.802     43.050      0.000
 831  842    -23.225     22.326      0.000
 834  841    -22.813      9.223      0.000
 832  844    -23.254     19.901      0.000
 835  840    -22.168     -9.821      0.000
 833  845    -22.996     11.044      0.000
  -1   -2    -22.211    -14.259      0.000
 839  847    -22.245    -14.914      0.000
  -1   -2    -24.440     42.734      0.000
 837  852    -22.944      1.372      0.000
  -1   -2    -22.411    -13.097      0.000
  -1   -2    -22.692    -14.242      0.000
 844  856    -24.346     29.603      0.000
 847  853    -23.048     -7.831      0.000
 845  857    -23.518      4.532      0.000
 843   -2    -23.358     -0.022      0.000
  -1   -2    -24.042     16.802      0.000
 846  860    -24.136     15.972      0.000
  -1   -2    -23.791      5.544      0.000
  -1   -2    -24.574     21.633      0.000
 851  861    -23.340    -12.458      0.000
  -1   -2    -25.188     34.264      0.000
 853  862    -24.852     22.653      0.000
  -1   -2    -23.530    -16.909      0.000
 857  864    -24.993     21.567      0.000
 854   -2    -24.944     18.113      0.000
 856  865    -25.944     45.426      0.000
  -1   -2    -26.344     52.339      0.000
  -1   -2    -23.765    -20.877      0.000
 859  866    -24.661      1.287      0.000
 861   -2    -24.271    -10.703      0.000
 863  870    -24.783     -6.989      0.000
  -1   -2    -26.746     43.993      0.000
  -1   -2    -25.147     -0.990      0.000
  -1   -2    -25.035     -7.875      0.000
 865  873    -26.245     17.260      0.000
 868  875    -27.095     30.743      0.000
 869  877    -25.799     -6.477      0.000
  -1   -2    -25.590    -12.360      0.000
  -1   -2    -26.918     21.896      0.000
 870   -2    -26.379      2.615      0.000
  -1   -2    -27.092     20.149      0.000
 873  878    -26.265     -2.977      0.000
 872  881    -27.039     15.512      0.000
 880  882    -27.547     28.231      0.000
 875  883    -26.586     -1.125      0.000
  -1   -2    -26.101    -14.359      0.000
  -1   -2    -27.183     10.657      0.000
 877   -2    -28.421     41.265      0.000
  -1   -2    -28.226     32.774      0.000
 879  885    -26.608    -11.879      0.000
  -1   -2    -29.081     54.126      0.000
  -1   -2    -28.465     35.440      0.000
 891  880    -27.902     19.645      0.000
 882  886    -28.098     23.543      0.000
 884  889    -27.516      7.064      0.000
  -1   -2    -26.493    -23.040      0.000
  -1   -2    -27.120     -8.804      0.000
 896   -2    -27.362     -3.642      0.000
 888  891    -27.025    -12.655      0.000
 885  899    -27.810      5.037      0.000
 897  893    -27.151    -14.446      0.000
 886  892    -27.567     -4.206      0.000
  -1   -2    -29.549     46.832      0.000
  -1   -2    -27.211    -17.557      0.000
  -1   -2    -28.352      9.160      0.000
 895  900    -27.880    -11.114      0.000
  -1   -2    -27.841    -14.029      0.000
  -1   -2    -30.062     41.523      0.000
  -1   -2    -27.880    -16.842      0.000
  -1   -2    -27.738    -21.759      0.000
 898  903    -29.293     15.590      0.000
  -1   -2    -28.208    -13.984      0.000
  -1   -2    -28.072    -20.393      0.000
 899  905    -28.720     -5.155      0.000
  -1   -2    -27.970    -27.056      0.000
 900  909    -28.882     -8.208      0.000
 901  912    -29.722      5.496      0.000
  -1   -2    -29.000    -15.104      0.000
  -1   -2    -29.382     -5.565      0.000
  -1   -2    -29.842      2.594      0.000
  -1   -2    -31.641     50.384      0.000
  -1   -2    -29.994      3.260      0.000
  -1   -2    -31.205     34.640      0.000
 909  917    -29.774     -5.065      0.000
 904  919    -31.091     29.010      0.000
  -1   -2    -31.511     39.194      0.000
  -1   -2    -30.778     16.988      0.000
  -1   -2    -31.414     30.420      0.000
 911  921    -30.323      1.256      0.000
  -1   -2    -30.181     -4.337      0.000
 918  920    -29.962    -13.161      0.000
 914  924    -30.105    -10.276      0.000
  -1   -2    -30.042    -13.340      0.000
  -1   -2    -30.933      4.688      0.000
 917  926    -32.514     43.516      0.000
 924  918    -30.468    -17.904      0.000
 920  928    -31.284      1.341      0.000
  -1   -2    -31.222     -4.327      0.000
  -1   -2    -31.323     -2.880      0.000
  -1   -2    -31.401     -5.854      0.000
  -1   -2    -30.949    -19.876      0.000
  -1   -2    -32.377     15.623      0.000
  -1   -2    -32.106      4.412      0.000
  -1   -2    -31.939     -0.115      0.000
 925  934    -33.739     39.476      0.000
 927  936    -33.382     27.337      0.000
  -1   -2    -33.676     32.952      0.000
 929  937    -32.175     -9.798      0.000
 928  939    -32.615     -3.287      0.000
  -1   -2    -33.143      9.036      0.000
  -1   -2    -33.500     11.586      0.000
  -1   -2    -33.171      2.892      0.000
 935  942    -34.328     28.340      0.000
 942  944    -35.004     39.272      0.000
  -1   -2    -33.102    -11.779      0.000
  -1   -2    -34.444     16.697      0.000
 939  943    -35.183     36.090      0.000
  -1   -2    -33.672     -4.268      0.000
  -1   -2    -33.768     -2.865      0.000
 943  945    -35.473     37.189      0.000
 941  954    -35.007     22.386      0.000
 944  950    -33.195    -26.586      0.000
  -1   -2    -35.819     38.573      0.000
 945  949    -35.742     35.476      0.000
  -1   -2    -33.567    -22.580      0.000
  -1   -2    -35.934     32.881      0.000
  -1   -2    -36.464     36.612      0.000
 947   -2    -36.947     44.388      0.000
  -1   -2    -34.814    -12.627      0.000
  -1   -2    -35.424     -9.196      0.000
  -1   -2    -35.675     -2.850      0.000
 951  959    -35.546     -6.845      0.000
  -1   -2    -35.876      1.413      0.000
  -1   -2    -34.911    -25.592      0.000
  -1   -2    -37.484     40.443      0.000
  -1   -2    -35.504    -17.118      0.000
 954  966    -37.604     35.266      0.000
  -1   -2    -36.968     17.176      0.000
 955  967    -35.465    -21.919      0.000
  -1   -2    -37.535     30.271      0.000
  -1   -2    -37.831     38.054      0.000
 957  968    -35.645    -25.662      0.000
 958  969    -38.586     49.806      0.000
  -1   -2    -36.919      5.700      0.000
  -1   -2    -36.453    -11.411      0.000
  -1   -2    -37.184      6.936      0.000
  -1   -2    -38.503     37.101      0.000
  -1   -2    -38.539     35.294      0.000
 960  974    -38.159     24.083      0.000
  -1   -2    -38.237     19.006      0.000
  -1   -2    -38.870     34.153      0.000
 971  972    -38.081     12.387      0.000
  -1   -2    -37.320    -12.270      0.000
  -1   -2    -38.450     14.867      0.000
  -1   -2    -39.888     51.901      0.000
 964  978    -37.930      0.412      0.000
 968  977    -36.949    -25.513      0.000
  -1   -2    -39.384     35.637      0.000
 965   -2    -37.164    -21.639      0.000
  -1   -2    -39.659     42.503      0.000
  -1   -2    -37.763    -13.182      0.000
  -1   -2    -39.724     33.675      0.000
  -1   -2    -38.194    -18.110      0.000
 972  985    -40.279     35.167      0.000
  -1   -2    -38.747    -16.408      0.000
 976  987    -39.129     -8.831      0.000
  -1   -2    -38.933    -18.654      0.000
 978  989    -41.557     46.962      0.000
  -1   -2    -38.868    -23.229      0.000
  -1   -2    -40.389     14.804      0.000
 981   -2    -39.087    -20.937      0.000
 982  991    -41.856     49.829      0.000
 979  994    -38.983    -25.726      0.000
  -1   -2    -40.186      3.943      0.000
  -1   -2    -39.005    -28.821      0.000
 980   -2    -39.589    -22.446      0.000
 987  997    -40.091    -10.426      0.000
  -1   -2    -41.996     36.324      0.000
  -1   -2    -41.241     14.041      0.000
  -1   -2    -41.411     16.927      0.000
  -1   -2    -41.087      8.076      0.000
 988 1001    -39.957    -24.079      0.000
 990 1000    -42.571     42.151      0.000
 992 1003    -40.476    -23.968      0.000
 994   -2    -43.710     53.246      0.000
  -1   -2    -41.789      2.804      0.000
 998 1005    -41.209    -13.068      0.000
  -1   -2    -40.679    -26.462      0.000
  -1   -2    -42.617     18.763      0.000
  -1   -2    -42.048      1.591      0.000
  -1   -2    -44.022     51.111      0.000
 993 1012    -41.029    -26.750      0.000
  -1 1008    -42.730     14.928      0.000
 996 1013    -40.950    -29.365      0.000
1001   -2    -41.028    -30.357      0.000
1004 1010    -43.422     27.253      0.000
  -1   -2    -41.816    -17.350      0.000
1008 1009    -41.871    -16.605      0.000
1005 1015    -44.333     43.058      0.000
1006 1016    -43.709     24.532      0.000
  -1   -2    -42.832    -13.790      0.000
  -1   -2    -42.807    -18.932      0.000
1011 1022    -45.226     38.974      0.000
  -1   -2    -44.879     26.315      0.000
1015   -2    -45.857     33.322      0.000
  -1 1024    -43.485    -27.690      0.000
  -1   -2    -43.838    -24.788      0.000
  -1   -2    -45.034     -0.059      0.000
  -1   -2    -45.386      1.409      0.000
  -1   -2    -44.723    -24.146      0.000
  -1   -2    -45.555     -6.695      0.000
1021 1032    -46.304      7.905      0.000
1022 1036    -44.842    -29.610      0.000
  -1   -2    -46.781     16.569      0.000
  -1   -2    -45.764    -11.210      0.000
1026   -2    -46.625      5.777      0.000
  -1   -2    -46.553      3.797      0.000
1025 1038    -45.424    -25.401      0.000
  -1   -2    -46.760      1.390      0.000
1029 1042    -49.292     52.931      0.000
1030 1045    -46.992    -30.316      0.000
1031   -2    -48.784      7.712      0.000
  -1 1046    -47.703    -19.589      0.000
  -1 1047    -47.428    -29.777      0.000
1035 1049    -50.049     30.121      0.000
  -1 1050    -49.607      9.183      0.000
1038 1052    -49.493      1.615      0.000
  -1   -2    -49.265     -5.334      0.000
1039 1053    -48.695    -19.600      0.000
  -1   -2    -50.462     16.348      0.000
1041   -2    -49.623     -6.422      0.000
1042 1055    -50.067     -0.307      0.000
1043 1057    -49.052    -28.723      0.000
1044 1058    -50.570      5.451      0.000
1045   -2    -50.049     -8.079      0.000
1048   -2    -49.798    -21.198      0.000
  -1 1060    -52.913     52.884      0.000
1050 1061    -51.384      8.184      0.000
1051 1062    -50.669    -11.070      0.000
  -1   -2    -51.151     -3.920      0.000
1052 1064    -51.521      3.504      0.000
1054   -2    -50.658    -20.947      0.000
  -1   -2    -51.763      3.504      0.000
  -1   -2    -52.367     16.588      0.000
  -1   -2    -53.641     48.041      0.000
  -1   -2    -50.866    -25.707      0.000
1056 1068    -51.892     -8.104      0.000
  -1 1067    -51.116    -29.551      0.000
  -1   -2    -53.342     20.517      0.000
  -1   -2    -53.368     20.303      0.000
1058 1072    -54.064     30.641      0.000
  -1   -2    -52.287    -19.900      0.000
  -1   -2    -54.261     22.513      0.000
  -1   -2    -56.071     36.593      0.000
1062   -2    -56.071     25.574      0.000
1061 1077    -56.749     36.558      0.000
  -1   -2    -56.068     17.905      0.000
1065 1078    -56.202     16.508      0.000
1066 1079    -56.465     20.522      0.000
1067 1080    -56.484     20.221      0.000
1068 1081    -56.496     19.734      0.000
1069 1082    -56.474     18.784      0.000
1070 1084    -54.561    -28.400      0.000
1071 1083    -56.575     17.795      0.000
1072 1085    -56.607     16.580      0.000
  -1   -2    -56.602     15.402      0.000
  -1 1088    -56.601     14.701      0.000
1073 1087    -57.368     32.772      0.000
  -1 1089    -58.066     49.617      0.000
1077 1090    -57.130     20.012      0.000
  -1   -2    -57.542     29.571      0.000
1076   -2    -58.356     49.640      0.000
1078 1093    -57.194     17.434      0.000
  -1   -2    -57.476     23.701      0.000
1080 1095    -58.396     41.583      0.000
  -1   -2    -58.616     46.003      0.000
1081 1096    -55.658    -28.042      0.000
1083 1098    -58.401     20.485      0.000
1085 1099    -59.382     31.526      0.000
  -1   -2    -57.002    -25.874      0.000
1086 1102    -59.794     38.266      0.000
  -1 1104    -57.092    -27.053      0.000
  -1   -2    -59.811     37.591      0.000
1087 1103    -59.703     34.003      0.000
1084   -2    -57.479    -22.833      0.000
1089 1105    -58.906      5.802      0.000
1090 1106    -60.236     36.649      0.000
1091 1108    -59.738     23.925      0.000
  -1   -2    -57.665    -24.968      0.000
1092 1109    -58.044    -18.109      0.000
1093   -2    -57.709    -26.119      0.000
1095 1112    -57.580    -30.073      0.000
1094 1113    -57.720    -27.094      0.000
1096 1110    -60.128     29.455      0.000
  -1   -2    -59.801     19.228      0.000
1098 1114    -60.231     29.682      0.000
1097 1116    -58.628    -11.634      0.000
  -1   -2    -61.284     44.906      0.000
1099 1118    -59.619      3.722      0.000
1100 1119    -58.588    -22.518      0.000
  -1   -2    -59.142    -10.827      0.000
1103 1120    -61.009     32.164      0.000
1102 1122    -60.480     18.664      0.000
1101 1123    -59.166    -13.761      0.000
1104 1124    -60.252      5.283      0.000
  -1   -2    -59.509    -14.103      0.000
  -1   -2    -59.544    -13.720      0.000
1106 1126    -60.353      3.460      0.000
1109   -2    -62.432     43.486      0.000
1108 1128    -60.332     -7.414      0.000
1111 1130    -60.055    -16.249      0.000
1112 1131    -61.017      5.349      0.000
1115 1129    -61.887     25.080      0.000
1113 1132    -60.461     -9.390      0.000
1114 1133    -60.310    -12.996      0.000
1116 1134    -62.965     46.393      0.000
1117 1136    -61.049     -1.414      0.000
1119 1137    -62.045     18.266      0.000
1118 1139    -61.761     10.395      0.000
  -1   -2    -62.779     34.142      0.000
1120 1140    -60.668    -16.528      0.000
1121 1144    -60.966    -12.493      0.000
1122 1142    -61.858      7.626      0.000
  -1   -2    -62.882     30.896      0.000
1123 1145    -63.289     35.529      0.000
  -1   -2    -63.403     33.913      0.000
  -1   -2    -64.079     39.251      0.000
1125 1148    -63.738     27.617      0.000
1126 1149    -64.098     35.218      0.000
  -1   -2    -63.168     10.655      0.000
1128   -2    -64.775     49.289      0.000
1127 1153    -63.280     12.476      0.000
1129 1151    -64.480     40.657      0.000
1130 1154    -63.073      4.859      0.000
1131 1155    -62.932     -2.339      0.000
1132 1156    -62.176    -22.219      0.000
1134 1157    -64.170     18.693      0.000
1133 1158    -63.947     13.089      0.000
1135 1160    -62.472    -25.768      0.000
1139 1159    -64.772     27.386      0.000
1136 1161    -62.944    -15.813      0.000
  -1   -2    -62.445    -28.371      0.000
1138 1163    -63.496     -7.633      0.000
1142   -2    -65.104     20.914      0.000
1143 1164    -63.379    -21.023      0.000
1145 1165    -63.318    -25.553      0.000
1144 1167    -64.899      9.317      0.000
1147 1169    -64.653      3.188      0.000
1146 1168    -64.832      7.337      0.000
1149 1170    -66.619     49.004      0.000
1150 1171    -65.590     21.403      0.000
1151 1166    -66.001     30.819      0.000
  -1   -2    -65.131      8.838      0.000
  -1   -2    -66.373     37.957      0.000
  -1   -2    -64.095    -21.932      0.000
1154 1174    -65.036     -2.551      0.000
1155 1175    -65.006     -5.122      0.000
1157 1177    -65.993     14.388      0.000
1160 1176    -66.506     26.557      0.000
1156 1180    -64.833    -12.564      0.000
1158 1178    -64.545    -19.479      0.000
1163   -2    -66.793     31.841      0.000
  -1   -2    -66.942     34.848      0.000
1159 1181    -64.677    -18.111      0.000
1161 1182    -65.524     -0.597      0.000
1165 1183    -64.745    -20.700      0.000
1164 1185    -66.162     10.387      0.000
1168 1184    -66.813     22.479      0.000
1167 1186    -65.434    -11.535      0.000
  -1   -2    -65.829     -6.484      0.000
1170 1188    -66.793     13.295      0.000
1169 1189    -66.701     10.879      0.000
1171 1190    -66.666      6.707      0.000
1172 1191    -65.474    -21.964      0.000
1173 1192    -66.691      4.062      0.000
1174 1193    -66.084    -11.889      0.000
  -1   -2    -67.167      8.512      0.000
1175 1194    -66.424    -13.969      0.000
1176 1195    -67.088     -2.522      0.000
1177 1196    -67.010     -9.412      0.000
1178 1197    -66.628    -21.913      0.000
1179 1198    -67.207    -10.784      0.000
1181 1199    -67.120    -19.200      0.000
