1186
   0    1     51.402     32.554      0.000
  -1   -2     51.146     31.436      0.000
  -1   -2     50.590     35.565      0.000
   1    3     50.399     41.215      0.000
  -1   -2     51.010      7.518      0.000
  -1    5     51.073      3.421      0.000
   3    6     49.891     41.797      0.000
   4    8     50.564      7.737      0.000
   5    7     50.396     13.883      0.000
   6    9     50.253     15.704      0.000
  -1   -2     50.274      4.643      0.000
   8   11     50.153      5.542      0.000
   9   12     49.938      9.904      0.000
  -1   -2     49.117     30.172      0.000
  10   10     50.227    -13.127      0.000
  -1   -2     49.748     -2.418      0.000
  11   16     48.879     23.184      0.000
  13   14     49.234      7.576      0.000
  14   15     48.376     38.274      0.000
  16   18     48.184     31.511      0.000
  -1   -2     48.358     20.412      0.000
  18   19     48.451     13.612      0.000
  20   17     49.008     -7.542      0.000
  19   20     47.872     26.686      0.000
  -1   -2     48.797    -17.569      0.000
  22   21     47.247     34.095      0.000
  -1   -2     47.015     41.521      0.000
  -1   25     47.667     -3.456      0.000
  -1   -2     47.980    -20.239      0.000
  -1   22     47.651    -12.534      0.000
  -1   -2     46.376     29.604      0.000
  -1   30     46.336     30.297      0.000
  -1   31     46.588     20.580      0.000
  30   27     46.380     21.535      0.000
  -1   -2     46.697      5.880      0.000
  -1   -2     46.085     17.528      0.000
  -1   -2     45.875     18.892      0.000
  -1   -2     45.110     45.647      0.000
  -1   -2     46.616    -13.491      0.000
  -1   -2     45.914      3.533      0.000
  -1   41     45.407     13.009      0.000
  -1   38     46.005    -23.613      0.000
  -1   -2     44.722     22.634      0.000
  -1   -2     45.191      1.835      0.000
  -1   -2     44.158     39.991      0.000
  -1   -2     44.239     28.913      0.000
  41   43     44.211     27.319      0.000
  -1   -2     44.839      3.424      0.000
  -1   -2     45.498    -23.145      0.000
  -1   -2     44.320     16.661      0.000
  -1   -2     43.458     46.519      0.000
  -1   47     43.721     24.717      0.000
  49   46     43.801     17.019      0.000
  -1   49     43.137     35.337      0.000
  -1   -2     43.886      1.413      0.000
  -1   -2     43.387     12.851      0.000
  50   55     42.772     27.408      0.000
  -1   -2     43.389     -0.714      0.000
  -1   -2     43.313      0.758      0.000
  51   56     41.625     52.811      0.000
  -1   -2     41.563     48.801      0.000
  -1   -2     43.044     -7.759      0.000
  -1   59     41.111     54.002      0.000
  -1   -2     40.929     53.708      0.000
  -1   -2     40.962     52.245      0.000
  -1   61     41.960     12.784      0.000
  -1   62     40.882     50.531      0.000
  -1   63     40.638     53.352      0.000
  62   64     40.731     48.703      0.000
  -1   -2     40.399     37.320      0.000
  63   71     40.324     34.822      0.000
  -1   -2     40.079     17.312      0.000
  -1   78     39.731     12.739      0.000
  69   79     39.399     22.534      0.000
  70   80     39.495     15.620      0.000
  71   81     40.485    -22.382      0.000
  72   82     39.455     11.347      0.000
  -1   -2     39.366     14.146      0.000
  73   84     39.369     13.580      0.000
  -1   -2     39.440     10.294      0.000
  -1   -2     39.115     17.445      0.000
  -1   -2     39.364      8.199      0.000
  -1   -2     39.320      7.091      0.000
  77   89     39.259      2.110      0.000
  -1   90     39.136      4.703      0.000
  79   91     38.635     22.532      0.000
  81   94     39.179      2.738      0.000
  -1   92     39.143      3.572      0.000
  -1   -2     39.106      2.241      0.000
  82   96     39.017      1.189      0.000
  83   97     39.017     -2.326      0.000
  85   99     38.891     -0.258      0.000
  -1   -2     38.915     -2.995      0.000
  -1   98     38.815     -2.477      0.000
  -1   -2     37.382     48.462      0.000
  -1   -2     38.120     19.794      0.000
  -1   -2     39.307    -23.157      0.000
  -1   -2     38.769     -4.809      0.000
  -1  106     38.677     -5.809      0.000
  91  104     38.671     -6.993      0.000
  90  107     38.148     11.416      0.000
  94  110     36.942     52.779      0.000
  -1   -2     38.639     -8.236      0.000
  93  111     36.959     52.074      0.000
  -1   -2     38.519    -10.209      0.000
  -1  115     38.180     -3.660      0.000
  -1   -2     37.304     27.400      0.000
  -1  116     38.448    -14.960      0.000
  -1   -2     38.437    -15.927      0.000
  99  117     37.304     11.424      0.000
  -1   -2     36.654     27.869      0.000
  98  120     37.066     12.881      0.000
  -1   -2     38.131    -29.840      0.000
  -1   -2     36.384     22.203      0.000
  -1   -2     36.153     16.507      0.000
 102  122     35.606     34.594      0.000
 103  124     34.946     52.112      0.000
  -1   -2     34.854     51.342      0.000
 105  126     35.402     25.870      0.000
 107  127     35.871     -3.053      0.000
 109  128     34.843     16.842      0.000
  -1   -2     35.131      2.516      0.000
 111  129     35.303     -3.717      0.000
 112  130     33.809     32.047      0.000
  -1   -2     34.939    -10.658      0.000
  -1  131     34.793     -7.741      0.000
 114  133     33.970     -0.856      0.000
  -1   -2     33.930     -1.826      0.000
  -1   -2     34.214    -22.833      0.000
 117  134     34.269    -25.103      0.000
 118  136     33.607     -3.395      0.000
  -1   -2     31.849     48.837      0.000
 120  138     33.546    -27.412      0.000
  -1   -2     31.592     37.875      0.000
 121  139     32.854     -7.355      0.000
 122  140     33.421    -28.565      0.000
 123  141     32.650     -3.268      0.000
 127  143     31.304     35.774      0.000
 128  145     32.919    -26.025      0.000
 129  146     32.903    -26.705      0.000
  -1  142     30.534     51.598      0.000
 131  147     32.776    -31.224      0.000
  -1   -2     30.914     28.748      0.000
 132  149     32.402    -25.077      0.000
  -1  151     30.817     20.620      0.000
 135  148     29.914     51.029      0.000
 133  150     32.136    -26.657      0.000
  -1   -2     29.552     47.332      0.000
 137  153     29.399     38.667      0.000
 139  155     28.686     46.962      0.000
  -1   -2     28.926     21.121      0.000
  -1   -2     29.832    -10.574      0.000
  -1   -2     29.156     11.740      0.000
 142  161     28.759     19.180      0.000
  -1   -2     29.806    -27.395      0.000
  -1  163     27.530     45.059      0.000
  -1   -2     29.083    -19.345      0.000
  -1   -2     28.771    -12.018      0.000
  -1   -2     28.671    -12.342      0.000
  -1   -2     28.519    -10.723      0.000
  -1  169     28.318     -7.932      0.000
  -1   -2     28.560    -20.050      0.000
  -1   -2     26.854     35.980      0.000
 149  174     28.689    -26.645      0.000
  -1   -2     28.053    -13.227      0.000
 155  180     26.975     18.276      0.000
  -1   -2     27.639     -8.161      0.000
 157  183     26.696     20.741      0.000
 158  181     27.206      1.989      0.000
  -1   -2     27.591    -19.115      0.000
  -1  188     26.495      8.996      0.000
  -1  190     26.284     15.122      0.000
 169  178     27.179    -15.194      0.000
  -1   -2     27.584    -28.584      0.000
  -1   -2     27.111    -18.108      0.000
 166  187     25.006     51.606      0.000
 165  192     25.436     34.986      0.000
  -1   -2     26.368      1.274      0.000
 170  195     26.132     -2.331      0.000
  -1   -2     25.887    -11.481      0.000
 174  204     25.301      1.603      0.000
 175  203     24.692     19.086      0.000
 182  198     25.490     -7.552      0.000
 176  207     24.510     23.272      0.000
 181  205     24.644     14.462      0.000
  -1   -2     23.433     51.519      0.000
 185   -2     23.725     39.817      0.000
  -1  200     25.544    -23.826      0.000
  -1  213     24.452      6.261      0.000
  -1   -2     23.126     49.260      0.000
  -1  212     23.374     39.816      0.000
 190  211     24.646     -3.689      0.000
  -1   -2     25.045    -19.265      0.000
 194  214     24.373     -5.156      0.000
  -1   -2     23.143     32.679      0.000
 191  219     23.195     30.430      0.000
  -1  208     24.783    -24.251      0.000
 198  223     23.372     15.802      0.000
  -1   -2     23.574      6.970      0.000
  -1   -2     23.392     12.036      0.000
 204  217     23.934     -9.086      0.000
 200  225     22.192     48.820      0.000
  -1   -2     23.737     -4.229      0.000
 199  228     23.161      9.975      0.000
  -1   -2     21.914     39.538      0.000
  -1   -2     21.705     45.515      0.000
  -1  221     23.535    -15.208      0.000
  -1  216     23.490    -15.776      0.000
  -1  226     23.387    -13.281      0.000
  -1   -2     23.794    -27.504      0.000
  -1   -2     22.952     -0.820      0.000
  -1   -2     22.791      0.344      0.000
  -1   -2     23.354    -19.649      0.000
 208  233     22.645     -3.314      0.000
  -1   -2     22.386     -0.423      0.000
  -1   -2     22.323     -2.148      0.000
  -1   -2     21.690     17.722      0.000
  -1   -2     20.670     48.815      0.000
  -1   -2     22.255    -11.871      0.000
  -1   -2     20.624     36.791      0.000
  -1  245     21.134     14.802      0.000
 220  244     21.678     -5.072      0.000
  -1   -2     21.806    -10.226      0.000
  -1   -2     21.617     -8.551      0.000
  -1   -2     21.841    -20.333      0.000
  -1  249     19.716     49.411      0.000
  -1   -2     21.443    -11.371      0.000
 225  251     21.864    -26.856      0.000
  -1   -2     21.437    -16.046      0.000
 226  254     20.242     21.588      0.000
 224  261     19.960     30.204      0.000
 242  247     21.093    -12.525      0.000
 232  260     20.799     -3.648      0.000
  -1  263     19.784     28.438      0.000
  -1  269     20.514      4.429      0.000
  -1   -2     20.848     -6.845      0.000
  -1   -2     20.681     -1.669      0.000
 228  265     20.337      8.898      0.000
 246  259     20.802     -8.780      0.000
  -1   -2     19.528     31.438      0.000
  -1  252     20.836    -13.251      0.000
 239  262     21.348    -29.565      0.000
  -1   -2     21.224    -26.587      0.000
  -1  270     20.241      0.099      0.000
 244  267     21.136    -28.780      0.000
  -1   -2     20.517    -11.391      0.000
  -1   -2     20.662    -17.901      0.000
 243  271     18.514     51.996      0.000
  -1   -2     20.397    -10.601      0.000
 248   -2     19.069     31.246      0.000
  -1  274     18.014     53.668      0.000
  -1  275     18.020     52.714      0.000
 247  277     18.645     30.125      0.000
 249  279     20.044    -20.004      0.000
 253  272     19.829    -17.617      0.000
  -1   -2     19.417     -7.066      0.000
  -1   -2     19.427    -10.722      0.000
 265  276     19.391    -12.139      0.000
  -1   -2     18.986     -5.124      0.000
  -1   -2     18.775      0.072      0.000
  -1   -2     19.323    -17.703      0.000
  -1  284     17.486     34.210      0.000
 258  282     17.339     38.873      0.000
 259  283     19.329    -26.870      0.000
 262  287     17.523     30.896      0.000
 260  286     18.505     -1.182      0.000
  -1   -2     17.499     27.569      0.000
  -1   -2     18.675    -11.385      0.000
  -1  291     17.098     37.198      0.000
  -1   -2     18.661    -17.429      0.000
 273  293     17.223     25.592      0.000
 274  294     18.706    -26.827      0.000
 285  289     18.131    -15.693      0.000
  -1   -2     16.556     33.483      0.000
 281  297     16.334     34.142      0.000
 277  298     18.282    -28.675      0.000
 276  299     17.161      3.919      0.000
  -1   -2     16.851     10.497      0.000
  -1   -2     17.767    -18.671      0.000
 280   -2     15.586     49.676      0.000
  -1  304     16.961      1.065      0.000
 279  308     15.437     49.126      0.000
 287  306     15.653     39.363      0.000
 288  303     16.058     25.972      0.000
 282  314     15.215     52.201      0.000
 293  309     17.630    -28.242      0.000
 295  305     16.928     -6.715      0.000
 298  311     15.320     40.427      0.000
  -1   -2     15.573     30.580      0.000
 296  310     16.114     12.013      0.000
  -1   -2     15.318     36.912      0.000
  -1   -2     16.046     10.173      0.000
  -1  316     15.487     27.897      0.000
  -1   -2     15.080     41.136      0.000
  -1   -2     16.236      1.298      0.000
  -1   -2     16.736    -14.683      0.000
 312  313     17.226    -29.840      0.000
  -1   -2     15.428     26.519      0.000
  -1  322     14.834     43.846      0.000
 308  315     17.042    -26.995      0.000
 307  317     15.576     17.139      0.000
  -1   -2     16.016      2.481      0.000
 313  312     16.459    -14.856      0.000
  -1   -2     16.301    -11.684      0.000
  -1   -2     15.318     19.136      0.000
  -1   -2     16.550    -20.811      0.000
  -1  323     16.527    -26.997      0.000
  -1   -2     16.406    -25.060      0.000
  -1   -2     16.264    -21.851      0.000
 314  325     14.511     25.982      0.000
  -1   -2     14.651     20.497      0.000
 317  327     14.665     18.462      0.000
  -1   -2     14.002     39.125      0.000
  -1   -2     13.714     45.969      0.000
 319  334     14.434     15.820      0.000
 321  331     14.248     21.685      0.000
 331  326     15.265    -12.927      0.000
  -1   -2     15.121    -16.208      0.000
  -1   -2     13.603     30.949      0.000
 328  337     14.115     12.698      0.000
 325  342     14.334      4.537      0.000
  -1   -2     15.210    -23.410      0.000
 332  340     14.530     -2.432      0.000
 324  348     14.275      3.391      0.000
 334  349     14.049      5.619      0.000
 340  338     14.472     -7.857      0.000
 337  350     13.186     29.489      0.000
 341  345     13.150     27.837      0.000
 339  352     13.748      7.897      0.000
  -1   -2     14.178     -7.639      0.000
 355  339     14.345    -13.892      0.000
  -1  360     12.365     48.790      0.000
  -1  347     14.787    -28.776      0.000
  -1   -2     13.628      4.181      0.000
  -1   -2     12.556     38.364      0.000
  -1  359     12.356     44.486      0.000
  -1   -2     12.864     26.318      0.000
 344  364     13.514      1.670      0.000
 359  355     13.783     -9.056      0.000
  -1  367     12.078     43.848      0.000
  -1   -2     13.831    -12.341      0.000
  -1   -2     14.389    -29.653      0.000
 347  369     13.312      2.513      0.000
 356  363     12.572     19.983      0.000
 349   -2     13.146      1.017      0.000
  -1  365     12.528     20.251      0.000
 357  371     12.948      3.040      0.000
  -1   -2     13.192     -6.584      0.000
 354  372     12.624      9.210      0.000
  -1  366     13.264    -11.619      0.000
  -1   -2     13.534    -21.603      0.000
  -1   -2     12.751      1.676      0.000
  -1   -2     12.371     11.263      0.000
 365  377     11.751     25.740      0.000
 361  382     11.633     28.990      0.000
 362   -2     12.488      0.144      0.000
 364  383     12.436      0.600      0.000
  -1   -2     11.512     29.178      0.000
  -1   -2     12.303      2.863      0.000
 366  381     11.754     19.990      0.000
 368  380     12.505     -3.712      0.000
  -1   -2     10.791     49.998      0.000
  -1   -2     13.086    -26.345      0.000
  -1   -2     12.288     -5.382      0.000
 372  389     11.362     23.046      0.000
 371  388     11.373     21.973      0.000
 374  386     11.540     16.548      0.000
  -1  384     12.814    -22.984      0.000
  -1   -2     12.434    -12.748      0.000
  -1   -2     11.336     13.369      0.000
  -1  387     12.001    -10.590      0.000
  -1  405     10.174     43.322      0.000
  -1   -2     12.344    -25.054      0.000
 379  403     10.879     15.615      0.000
  -1   -2     10.956     13.012      0.000
  -1   -2     11.976    -20.084      0.000
 390  400     10.374     28.204      0.000
 382  408     11.228      0.108      0.000
 380  413      9.863     42.276      0.000
  -1   -2     10.689     13.521      0.000
  -1   -2     11.836    -22.888      0.000
 388  409     10.431     20.118      0.000
 387  411     11.139     -2.719      0.000
  -1   -2     11.262     -7.557      0.000
  -1  412     11.476    -15.977      0.000
 386  418      9.723     33.998      0.000
 400  406     11.048     -7.806      0.000
 393   -2     11.710    -28.574      0.000
  -1   -2     10.732      0.826      0.000
 395  422      9.547     32.350      0.000
 397  420     10.659     -3.407      0.000
  -1   -2     11.248    -25.058      0.000
  -1   -2      9.503     26.092      0.000
  -1   -2     10.167      5.072      0.000
  -1  423     11.281    -29.748      0.000
  -1   -2     10.672    -12.111      0.000
 404  427      9.297     24.925      0.000
 405   -2      8.816     40.095      0.000
  -1  428     10.056      0.141      0.000
  -1   -2     10.891    -26.812      0.000
 409  429      8.604     40.790      0.000
  -1   -2      8.918     27.234      0.000
 406  437      8.065     51.382      0.000
 422  425     10.040    -13.104      0.000
  -1  421     10.542    -28.291      0.000
 412  435      9.487      3.542      0.000
 415  431      9.666     -3.475      0.000
 419  430      9.691     -6.752      0.000
 418  432      8.749     21.501      0.000
 428  426      9.855    -13.896      0.000
  -1   -2      8.849     16.193      0.000
  -1  438      9.189      5.388      0.000
  -1   -2      8.846     15.759      0.000
 416  440      8.009     35.916      0.000
  -1   -2      8.086     29.342      0.000
 425  439      9.567    -22.114      0.000
 424  442      7.512     37.098      0.000
  -1  446      9.298    -28.136      0.000
 427  454      7.764     13.323      0.000
 429  453      7.056     33.430      0.000
 431  450      7.745     11.385      0.000
  -1  449      7.666     13.090      0.000
  -1   -2      7.976      0.455      0.000
 430  455      6.680     40.717      0.000
  -1   -2      8.515    -22.604      0.000
  -1  456      8.584    -29.591      0.000
 437  462      7.137     10.132      0.000
  -1   -2      8.043    -17.591      0.000
  -1   -2      8.072    -19.486      0.000
 435  467      6.285     35.215      0.000
  -1   -2      6.474     27.663      0.000
  -1   -2      6.299     33.164      0.000
 440   -2      6.937     12.977      0.000
  -1  461      6.585     23.121      0.000
  -1  460      8.275    -28.349      0.000
 439  463      7.439     -4.273      0.000
  -1   -2      6.430     26.124      0.000
  -1   -2      7.682    -15.836      0.000
  -1   -2      5.885     36.195      0.000
  -1  451      7.545    -17.616      0.000
 447  465      7.268    -12.651      0.000
  -1   -2      7.390    -24.969      0.000
  -1   -2      5.707     25.890      0.000
  -1   -2      7.233    -20.859      0.000
  -1   -2      5.706     24.265      0.000
 451  474      5.783     17.420      0.000
  -1   -2      7.234    -28.833      0.000
  -1  480      5.196     31.114      0.000
  -1   -2      5.819     10.606      0.000
  -1   -2      5.066     33.480      0.000
  -1   -2      6.851    -22.662      0.000
 454  478      6.979    -28.064      0.000
 457  479      5.977     -0.226      0.000
 460   -2      5.215     17.892      0.000
 463  482      5.902     -4.349      0.000
  -1   -2      5.977     -9.037      0.000
 465   -2      6.030    -11.596      0.000
 461  487      4.274     41.626      0.000
 468  477      6.065    -13.797      0.000
 464  485      5.206     11.662      0.000
  -1  488      4.408     33.867      0.000
 466  486      5.545     -2.785      0.000
  -1   -2      4.513     22.885      0.000
  -1   -2      4.172     33.249      0.000
 467  490      5.224     -0.260      0.000
  -1  481      5.622    -12.352      0.000
  -1  492      3.840     40.854      0.000
 469  498      3.372     47.033      0.000
 474  491      3.988     26.316      0.000
 472  497      5.701    -28.324      0.000
  -1   -2      5.388    -27.603      0.000
  -1   -2      5.404    -29.759      0.000
  -1   -2      4.523     -4.775      0.000
 476  502      4.044      8.935      0.000
 475  501      4.062      8.350      0.000
  -1  499      3.569     21.784      0.000
  -1   -2      4.734    -15.001      0.000
  -1   -2      4.875    -22.578      0.000
  -1   -2      4.318     -7.299      0.000
  -1   -2      4.445    -14.127      0.000
 483  506      3.809     -5.551      0.000
 481  510      3.378      3.561      0.000
  -1   -2      2.756     21.942      0.000
  -1   -2      3.544     -4.694      0.000
 482  512      3.228      4.303      0.000
 494  504      3.860    -14.935      0.000
  -1  503      3.610    -10.876      0.000
  -1   -2      3.583    -15.976      0.000
 486  513      1.981     32.073      0.000
  -1  514      2.953     -8.233      0.000
  -1   -2      3.669    -29.535      0.000
  -1   -2      1.691     28.214      0.000
 493  523      1.058     46.513      0.000
 495  519      1.579     28.455      0.000
 488  527      0.836     49.507      0.000
 500  517      2.634     -7.276      0.000
  -1   -2      2.832    -13.619      0.000
  -1  526      3.111    -24.954      0.000
  -1   -2      0.793     43.935      0.000
  -1   -2      1.354     26.349      0.000
 496  529      2.181      0.471      0.000
 502  525      2.999    -28.348      0.000
  -1   -2      1.756      6.309      0.000
 503  531      1.231     20.901      0.000
 505  528      2.124     -6.690      0.000
  -1   -2      1.909     -5.787      0.000
  -1  536      1.120     16.558      0.000
  -1   -2      2.407    -21.567      0.000
 507  541      1.105      8.678      0.000
  -1  544      1.344      1.171      0.000
  -1  538      1.499     -3.976      0.000
  -1   -2      0.335     30.051      0.000
 508  542      1.256     -1.035      0.000
 509  545      0.575     16.736      0.000
  -1   -2      0.275     20.947      0.000
  -1   -2      1.100     -3.968      0.000
 511  547      0.949     -2.336      0.000
 512  546      0.217     19.438      0.000
  -1   -2      1.326    -15.199      0.000
 514  551     -0.266     24.123      0.000
 517  550      0.017     11.735      0.000
  -1   -2      1.060    -19.189      0.000
  -1  548      1.254    -30.630      0.000
 516  555      0.114      1.402      0.000
  -1   -2      0.967    -25.079      0.000
  -1   -2      1.021    -29.639      0.000
  -1   -2     -0.909     19.625      0.000
  -1   -2      0.384    -20.369      0.000
  -1   -2      0.352    -22.055      0.000
  -1   -2     -1.515     32.097      0.000
 529  556     -1.181     21.337      0.000
  -1   -2      0.078    -17.702      0.000
  -1  559     -0.805      6.226      0.000
 530  562     -0.531     -4.297      0.000
 528  561     -2.204     45.539      0.000
  -1  558     -1.834     33.873      0.000
  -1   -2     -1.970     37.659      0.000
  -1   -2     -0.716     -3.860      0.000
  -1   -2     -1.456     17.776      0.000
 532  565     -2.605     49.894      0.000
 540  564     -1.471     13.278      0.000
  -1   -2     -1.943     22.110      0.000
 542   -2     -1.120     -3.600      0.000
  -1   -2     -0.703    -19.854      0.000
  -1   -2     -2.782     36.578      0.000
  -1   -2     -0.730    -24.499      0.000
 547  569     -2.138     15.494      0.000
 549  571     -3.025     31.950      0.000
  -1   -2     -1.544    -18.346      0.000
  -1   -2     -1.857     -9.799      0.000
  -1   -2     -3.017     23.903      0.000
 550  574     -1.319    -28.354      0.000
 554  575     -3.561     36.161      0.000
 552  579     -3.184     21.990      0.000
  -1   -2     -1.522    -29.898      0.000
 557  580     -3.796     33.176      0.000
  -1   -2     -3.711     29.596      0.000
  -1   -2     -3.081      9.434      0.000
  -1   -2     -3.014      2.566      0.000
 564  586     -3.421     13.304      0.000
 559  592     -3.149      3.277      0.000
  -1   -2     -2.940     -4.304      0.000
 569  585     -3.228      3.980      0.000
 575  583     -2.757    -11.757      0.000
  -1   -2     -2.380    -23.255      0.000
  -1   -2     -4.890     48.066      0.000
  -1   -2     -3.733     12.615      0.000
 571  590     -3.940     18.286      0.000
 567  596     -3.497      1.670      0.000
 576  593     -4.867     38.848      0.000
 573  594     -3.417     -4.715      0.000
 577  595     -4.709     30.078      0.000
  -1   -2     -3.144    -19.365      0.000
 579  597     -5.191     38.785      0.000
  -1   -2     -3.296    -17.258      0.000
  -1  599     -4.692     23.053      0.000
  -1   -2     -5.140     34.321      0.000
 580  600     -5.279     36.032      0.000
  -1  604     -4.156     -0.788      0.000
 581  602     -5.384     35.066      0.000
  -1   -2     -3.787    -12.509      0.000
  -1   -2     -3.483    -25.143      0.000
 582  606     -5.403     27.633      0.000
  -1   -2     -5.916     42.121      0.000
 584  609     -4.650      3.001      0.000
 587  607     -5.055     12.175      0.000
  -1  601     -4.317    -15.239      0.000
  -1   -2     -5.770     26.459      0.000
  -1   -2     -5.718     24.884      0.000
  -1   -2     -5.595     20.619      0.000
  -1   -2     -4.481    -11.742      0.000
 596  612     -6.073     32.891      0.000
 595  619     -6.118     30.914      0.000
 597  617     -4.956     -5.780      0.000
  -1  618     -5.161     -2.788      0.000
 599   -2     -5.215     -1.840      0.000
  -1   -2     -4.664    -18.827      0.000
  -1   -2     -4.308    -29.941      0.000
 601  624     -5.845     13.907      0.000
 607   -2     -6.798     31.056      0.000
  -1   -2     -5.401    -10.805      0.000
  -1   -2     -5.110    -19.296      0.000
  -1   -2     -5.585     -6.440      0.000
 611  625     -5.540     -8.258      0.000
 604  630     -7.416     46.541      0.000
  -1   -2     -7.330     42.736      0.000
 610  627     -5.736     -5.661      0.000
  -1   -2     -6.288      6.618      0.000
  -1   -2     -7.281     31.361      0.000
  -1   -2     -6.238      0.575      0.000
 605   -2     -7.084     16.438      0.000
 618  631     -7.881     38.866      0.000
  -1   -2     -6.744      5.009      0.000
  -1   -2     -5.797    -24.966      0.000
 615  638     -6.886      5.435      0.000
  -1   -2     -7.570     25.293      0.000
  -1   -2     -6.040    -25.621      0.000
 623  636     -6.638     -9.164      0.000
 622  642     -7.954     26.678      0.000
 628  637     -8.518     38.488      0.000
  -1  647     -7.360      3.118      0.000
  -1   -2     -8.031     22.527      0.000
 626  644     -7.568      7.189      0.000
  -1  640     -7.642      9.162      0.000
  -1   -2     -6.843    -13.832      0.000
 624  649     -7.462      3.693      0.000
  -1   -2     -7.886     15.226      0.000
  -1   -2     -6.768    -18.215      0.000
 630   -2     -7.781      9.420      0.000
  -1   -2     -7.078    -12.636      0.000
 632  643     -6.541    -29.931      0.000
  -1  648     -8.183     15.904      0.000
 633  650     -6.742    -29.376      0.000
  -1   -2     -7.142    -19.967      0.000
 635  651     -9.096     35.928      0.000
 640  654     -7.670     -8.865      0.000
 634  656     -9.155     31.796      0.000
  -1   -2     -7.231    -23.614      0.000
  -1   -2     -7.401    -19.391      0.000
 641  657     -7.876     -7.486      0.000
  -1   -2     -8.167      0.185      0.000
  -1   -2     -8.092     -2.294      0.000
 643  655     -8.084     -4.451      0.000
  -1   -2     -8.542      4.576      0.000
  -1   -2    -10.141     48.376      0.000
  -1   -2     -7.702    -22.942      0.000
 644  664    -10.310     47.372      0.000
 648  660    -10.145     41.667      0.000
 646  662     -9.183     11.309      0.000
 649  665     -9.953     30.877      0.000
 652  666     -9.956     25.287      0.000
  -1   -2     -9.703     17.468      0.000
  -1   -2    -10.802     48.436      0.000
  -1   -2     -8.568    -17.773      0.000
 650  670    -10.799     45.940      0.000
 653  667     -9.615     10.469      0.000
  -1   -2     -8.816    -19.137      0.000
 658  674    -10.067      8.993      0.000
  -1   -2    -11.175     39.798      0.000
 663  675     -9.541     -9.599      0.000
  -1   -2     -9.345    -15.528      0.000
 662  677    -10.655     19.963      0.000
  -1   -2    -11.220     31.944      0.000
  -1   -2     -9.281    -26.175      0.000
 664  680    -10.897     18.963      0.000
  -1  683    -11.934     48.920      0.000
  -1   -2    -10.020    -17.440      0.000
  -1   -2    -11.126     13.421      0.000
  -1   -2     -9.717    -27.544      0.000
  -1   -2     -9.996    -22.052      0.000
  -1   -2    -11.290     14.026      0.000
 670  687    -10.899      2.216      0.000
 676  686    -12.162     36.013      0.000
  -1   -2     -9.913    -27.673      0.000
 675  688    -11.154      4.248      0.000
 680  689    -12.130     31.138      0.000
 682  690    -12.616     42.235      0.000
  -1   -2    -10.373    -24.407      0.000
 684  696    -10.981     -8.444      0.000
  -1   -2    -10.831    -13.532      0.000
  -1   -2    -10.285    -29.190      0.000
 681  697    -11.769     11.300      0.000
  -1   -2    -11.254     -3.774      0.000
 683  701    -12.351     25.623      0.000
  -1   -2    -12.662     30.261      0.000
  -1  702    -12.148     13.151      0.000
  -1  704    -13.301     42.440      0.000
  -1  703    -11.527     -8.604      0.000
 691   -2    -13.408     42.795      0.000
  -1  706    -10.915    -30.111      0.000
 695  708    -12.487      7.022      0.000
 698  709    -12.082    -10.051      0.000
 700  712    -13.954     38.557      0.000
  -1  710    -12.312    -12.937      0.000
  -1   -2    -14.307     43.637      0.000
 706  715    -12.432    -10.261      0.000
 701  718    -14.413     46.191      0.000
 702  717    -13.957     30.895      0.000
  -1   -2    -13.283      8.051      0.000
  -1   -2    -13.949     26.167      0.000
 714  714    -12.581    -14.678      0.000
 705  722    -13.250      3.586      0.000
  -1   -2    -12.332    -25.056      0.000
  -1  726    -14.101     22.177      0.000
 709  720    -13.936     16.785      0.000
 707  725    -14.104     20.763      0.000
 713  724    -13.821      6.118      0.000
 710  723    -13.447     -4.692      0.000
  -1  730    -14.632     25.859      0.000
 712  729    -15.274     42.907      0.000
 715  728    -13.566     -8.326      0.000
  -1   -2    -13.505    -12.223      0.000
  -1   -2    -13.084    -26.531      0.000
  -1   -2    -15.172     28.802      0.000
  -1   -2    -15.394     34.350      0.000
 717  732    -14.314      3.382      0.000
 729  727    -13.626    -15.942      0.000
 716  736    -14.799     13.178      0.000
  -1   -2    -14.412     -3.325      0.000
  -1   -2    -14.441     -2.590      0.000
 724  735    -14.949     11.235      0.000
  -1   -2    -13.528    -29.069      0.000
 719  742    -15.560     26.928      0.000
  -1   -2    -14.626     -0.139      0.000
 730  738    -14.502     -5.813      0.000
 720  741    -16.193     41.394      0.000
  -1   -2    -14.903      3.155      0.000
 733  743    -16.093     34.612      0.000
 734  739    -15.227      8.879      0.000
  -1   -2    -15.979     29.304      0.000
  -1   -2    -13.952    -27.661      0.000
 726  745    -15.635     18.590      0.000
  -1  746    -15.499     14.451      0.000
  -1   -2    -16.684     42.900      0.000
 739  747    -15.323      3.588      0.000
 740  748    -15.250     -0.051      0.000
  -1   -2    -15.705      4.258      0.000
  -1   -2    -15.780      5.301      0.000
  -1   -2    -15.334     -7.952      0.000
  -1  744    -14.669    -29.328      0.000
  -1  753    -15.968      5.706      0.000
 746  754    -16.262     13.284      0.000
  -1   -2    -17.016     28.762      0.000
 748  759    -17.529     39.297      0.000
 749  762    -16.823     16.867      0.000
 751  760    -16.288     -0.602      0.000
  -1   -2    -17.718     35.074      0.000
 752  768    -18.130     45.397      0.000
 760  758    -15.976    -15.829      0.000
  -1   -2    -16.858      8.067      0.000
  -1  764    -16.469     -3.097      0.000
 753  770    -17.765     31.043      0.000
 755  772    -17.824     29.611      0.000
 756  766    -16.745     -2.391      0.000
  -1  769    -18.182     37.669      0.000
 759  774    -17.797     23.535      0.000
  -1   -2    -16.104    -23.639      0.000
 761  771    -17.393     10.885      0.000
 762  767    -16.551    -12.809      0.000
  -1   -2    -16.360    -18.890      0.000
  -1   -2    -18.532     41.408      0.000
 765  776    -17.384      5.329      0.000
 763  775    -16.907     -8.257      0.000
  -1  780    -17.729     12.236      0.000
 764  777    -17.254     -1.615      0.000
  -1   -2    -18.420     28.392      0.000
 768  781    -16.503    -27.517      0.000
 769  782    -17.422     -4.512      0.000
  -1   -2    -19.188     45.037      0.000
  -1   -2    -18.941     30.762      0.000
  -1   -2    -18.348     13.275      0.000
  -1   -2    -19.202     34.414      0.000
 773  785    -19.343     32.463      0.000
 778  786    -19.604     34.328      0.000
 775  789    -19.122     19.834      0.000
 777  788    -19.603     30.425      0.000
  -1   -2    -17.604    -25.298      0.000
 781  790    -18.546     -0.805      0.000
  -1   -2    -19.087     12.935      0.000
 783  792    -18.928      5.164      0.000
 782  794    -19.414     17.955      0.000
  -1  787    -18.235    -18.127      0.000
 780  799    -20.312     38.951      0.000
 787  795    -19.089      1.205      0.000
 786  796    -18.969     -2.426      0.000
 784  798    -20.771     44.541      0.000
  -1  797    -19.127     -5.891      0.000
 790  801    -20.412     22.210      0.000
  -1   -2    -20.830     30.548      0.000
 794  800    -19.501     -8.359      0.000
  -1   -2    -21.421     39.911      0.000
 795  803    -20.875     20.029      0.000
  -1  806    -21.076     24.820      0.000
 798  802    -21.903     47.758      0.000
 796  812    -21.545     36.514      0.000
  -1  809    -21.541     33.237      0.000
  -1   -2    -19.588    -22.632      0.000
  -1   -2    -20.644      5.477      0.000
  -1  808    -21.114     17.153      0.000
 800  814    -20.918     11.450      0.000
  -1   -2    -22.126     44.129      0.000
 803  811    -20.799      6.246      0.000
  -1  813    -20.132    -14.829      0.000
  -1   -2    -20.971      5.445      0.000
 804   -2    -20.252    -14.608      0.000
  -1   -2    -21.017      4.636      0.000
  -1   -2    -22.192     35.960      0.000
  -1  817    -20.484    -14.939      0.000
 806  818    -20.948     -3.069      0.000
 822  810    -20.456    -18.902      0.000
  -1   -2    -22.619     38.810      0.000
  -1   -2    -21.313      2.020      0.000
 809  822    -21.940     17.960      0.000
  -1   -2    -22.319     24.105      0.000
  -1  824    -21.252     -9.311      0.000
 812  827    -21.992     10.386      0.000
 808  829    -23.199     43.545      0.000
 817  825    -21.445     -7.305      0.000
  -1   -2    -21.965      5.486      0.000
  -1   -2    -22.072      5.002      0.000
 819   -2    -22.752     22.540      0.000
 818  832    -22.764     19.864      0.000
 825  830    -22.965     21.661      0.000
  -1  831    -23.004     22.608      0.000
  -1   -2    -23.636     37.264      0.000
 826  833    -22.776     11.309      0.000
 829  834    -22.837      9.497      0.000
  -1   -2    -21.773    -22.037      0.000
  -1   -2    -23.390     20.056      0.000
  -1  835    -22.306     -9.323      0.000
 827  837    -22.780      2.000      0.000
 830  843    -22.902      0.271      0.000
 837  840    -22.600     -8.771      0.000
 836  844    -24.116     29.703      0.000
 840  841    -22.718     -9.943      0.000
  -1   -2    -23.709     16.757      0.000
  -1   -2    -22.625    -14.554      0.000
  -1  846    -23.761     15.917      0.000
 842  845    -23.399      4.776      0.000
 839  849    -24.746     41.479      0.000
 834  847    -23.098     -7.285      0.000
  -1   -2    -23.878     11.836      0.000
 853  836    -22.772    -20.232      0.000
 847  850    -22.539    -29.188      0.000
 845  854    -24.454     18.193      0.000
 846  853    -24.680     22.465      0.000
 849   -2    -24.552     17.800      0.000
  -1   -2    -24.729     21.476      0.000
 852  851    -23.488    -11.959      0.000
  -1   -2    -25.722     47.238      0.000
 851  858    -24.107      1.606      0.000
  -1   -2    -24.771     16.517      0.000
  -1   -2    -24.328      1.778      0.000
  -1   -2    -23.934     -9.228      0.000
  -1   -2    -23.864    -14.870      0.000
  -1  859    -24.627      1.636      0.000
  -1  861    -24.321    -10.183      0.000
  -1   -2    -24.841     -5.119      0.000
 858  865    -25.809     17.133      0.000
 859  864    -25.075     -8.031      0.000
 860  868    -26.680     30.772      0.000
  -1   -2    -25.459    -10.227      0.000
 863  870    -25.986      2.544      0.000
 864  872    -26.503     15.345      0.000
  -1  869    -25.728     -5.887      0.000
  -1   -2    -25.641    -12.233      0.000
  -1   -2    -26.917     15.408      0.000
  -1  873    -26.302     -2.760      0.000
 866  875    -26.394     -0.708      0.000
  -1   -2    -28.430     51.224      0.000
  -1   -2    -28.470     49.202      0.000
  -1   -2    -27.061     10.413      0.000
 870  877    -28.202     40.961      0.000
  -1  886    -26.551     -3.825      0.000
  -1   -2    -27.835     27.922      0.000
 874  879    -26.535    -11.448      0.000
 871  885    -27.213      5.395      0.000
  -1   -2    -28.389     32.869      0.000
 880  882    -28.080     23.548      0.000
 878  884    -27.468      7.007      0.000
  -1   -2    -26.624    -15.796      0.000
  -1   -2    -26.987     -8.129      0.000
  -1   -2    -27.958      4.578      0.000
  -1  880    -28.899     27.898      0.000
 888  890    -27.909      0.551      0.000
  -1   -2    -29.251     36.327      0.000
 886  893    -29.481     38.956      0.000
 887  895    -27.751    -10.688      0.000
 893  889    -27.716    -15.487      0.000
 891  896    -28.362     -3.172      0.000
 901  891    -29.296     19.453      0.000
  -1   -2    -28.051    -15.925      0.000
 894  897    -28.171    -13.469      0.000
  -1   -2    -28.117    -19.974      0.000
 898  899    -28.795     -4.518      0.000
 900  900    -28.875     -8.204      0.000
 896  910    -29.726      2.791      0.000
 903  908    -31.515     50.406      0.000
 905  907    -30.099     10.301      0.000
  -1   -2    -29.558     -4.919      0.000
 908  909    -29.595     -4.684      0.000
 909  911    -30.006      1.228      0.000
  -1   -2    -29.485    -13.588      0.000
  -1   -2    -29.408    -20.725      0.000
 912  914    -29.892     -9.654      0.000
  -1   -2    -29.234    -26.858      0.000
  -1   -2    -29.716    -17.990      0.000
  -1   -2    -30.594      1.989      0.000
  -1  917    -32.136     43.284      0.000
  -1   -2    -29.987    -14.159      0.000
  -1   -2    -30.827     -3.675      0.000
  -1   -2    -30.381    -20.753      0.000
  -1   -2    -31.132     -1.864      0.000
  -1   -2    -30.722    -13.447      0.000
  -1  920    -31.388      1.657      0.000
  -1   -2    -31.636      4.744      0.000
  -1   -2    -31.032    -11.390      0.000
  -1   -2    -32.358     21.017      0.000
 919  922    -32.117      7.196      0.000
 922  921    -31.412    -12.378      0.000
  -1   -2    -32.868     21.986      0.000
  -1   -2    -32.455      9.487      0.000
  -1  925    -33.664     39.891      0.000
 924  929    -32.094     -8.852      0.000
  -1   -2    -34.651     48.255      0.000
 926  935    -33.942     28.810      0.000
 932  930    -33.204      8.352      0.000
  -1   -2    -33.743     17.957      0.000
  -1   -2    -33.094     -1.635      0.000
 930   -2    -34.303     29.466      0.000
 939  924    -32.634    -15.450      0.000
  -1   -2    -33.164     -2.800      0.000
  -1  941    -34.259     22.386      0.000
  -1   -2    -32.976    -12.110      0.000
  -1   -2    -34.350     14.980      0.000
  -1   -2    -33.131    -16.802      0.000
  -1   -2    -33.382    -11.845      0.000
  -1  939    -35.233     36.329      0.000
  -1   -2    -35.428     39.570      0.000
  -1  942    -35.654     40.194      0.000
  -1  944    -33.201    -26.626      0.000
 940  943    -35.791     37.674      0.000
  -1   -2    -35.832     33.573      0.000
  -1   -2    -34.487     -2.621      0.000
  -1  947    -36.947     43.930      0.000
  -1   -2    -34.377    -24.788      0.000
  -1   -2    -35.984      3.700      0.000
  -1   -2    -37.418     40.465      0.000
  -1   -2    -35.655    -10.969      0.000
  -1   -2    -36.020     -4.954      0.000
 947  958    -38.585     49.816      0.000
  -1   -2    -38.436     42.967      0.000
  -1   -2    -37.742     17.185      0.000
  -1   -2    -37.596     12.625      0.000
 949  960    -38.095     23.722      0.000
  -1   -2    -36.408    -23.734      0.000
  -1  962    -36.450    -25.756      0.000
  -1   -2    -36.583    -25.078      0.000
 955  965    -37.003    -21.363      0.000
  -1   -2    -37.952      1.010      0.000
  -1   -2    -39.467     36.719      0.000
  -1   -2    -38.611     11.001      0.000
  -1   -2    -39.799     39.877      0.000
  -1   -2    -39.805     34.559      0.000
 953   -2    -38.213     -8.804      0.000
  -1   -2    -38.627     -0.761      0.000
  -1   -2    -38.851      4.539      0.000
  -1   -2    -38.664     -1.338      0.000
  -1   -2    -38.116    -15.432      0.000
  -1   -2    -38.532     -5.519      0.000
  -1  972    -40.221     36.138      0.000
  -1   -2    -38.383    -11.267      0.000
  -1   -2    -40.461     36.867      0.000
 963  980    -38.239    -23.646      0.000
  -1   -2    -39.183     -1.748      0.000
  -1   -2    -38.239    -26.296      0.000
  -1   -2    -38.746    -16.203      0.000
 969  976    -39.124     -8.847      0.000
 968  978    -41.431     47.509      0.000
 970  977    -38.951    -18.497      0.000
  -1   -2    -38.847    -23.292      0.000
  -1  981    -39.086    -20.914      0.000
 977  982    -41.854     49.841      0.000
  -1   -2    -40.366      8.319      0.000
  -1   -2    -40.329      7.358      0.000
 979  984    -38.955    -28.461      0.000
  -1   -2    -39.252    -26.060      0.000
  -1   -2    -39.696    -16.412      0.000
  -1   -2    -42.593     53.323      0.000
 986  985    -41.266     17.035      0.000
  -1   -2    -39.841    -21.867      0.000
  -1   -2    -41.335     15.069      0.000
  -1   -2    -42.608     48.121      0.000
 991  987    -40.561    -10.434      0.000
  -1   -2    -42.588     41.319      0.000
 988  993    -40.168    -26.591      0.000
  -1  996    -40.243    -29.332      0.000
 990 1001    -40.247    -30.340      0.000
  -1   -2    -41.524     -0.549      0.000
 994 1000    -40.670    -24.714      0.000
 995  992    -40.757    -23.148      0.000
  -1   -2    -42.413     13.950      0.000
  -1  994    -43.980     53.077      0.000
  -1   -2    -43.935     48.636      0.000
 999  997    -42.123      1.732      0.000
  -1   -2    -42.802     14.971      0.000
  -1   -2    -43.467     26.922      0.000
1001 1005    -44.248     43.074      0.000
  -1 1006    -43.630     24.263      0.000
  -1   -2    -41.413    -31.512      0.000
  -1   -2    -42.357    -10.703      0.000
1004 1008    -42.400    -15.798      0.000
1008 1011    -45.261     39.190      0.000
  -1   -2    -44.775     26.189      0.000
  -1   -2    -42.936    -26.702      0.000
  -1   -2    -43.002    -29.039      0.000
  -1 1015    -45.819     32.188      0.000
  -1   -2    -44.740      0.221      0.000
  -1   -2    -44.575    -23.777      0.000
  -1   -2    -46.976     32.593      0.000
  -1   -2    -45.639     -6.817      0.000
1016 1021    -46.369      7.848      0.000
1017 1022    -44.855    -29.650      0.000
  -1   -2    -46.761     16.583      0.000
  -1   -2    -46.226      1.120      0.000
  -1   -2    -46.529      3.858      0.000
  -1 1026    -46.802      5.780      0.000
  -1   -2    -46.761      1.478      0.000
  -1   -2    -46.736     -0.512      0.000
  -1   -2    -45.818    -31.601      0.000
  -1   -2    -45.939    -29.890      0.000
  -1 1032    -46.964    -19.448      0.000
1026 1030    -46.811    -30.067      0.000
1025 1031    -48.542      7.769      0.000
1027   -2    -47.651    -19.583      0.000
1028 1034    -47.398    -29.758      0.000
  -1   -2    -48.667     -2.838      0.000
1030 1035    -50.066     30.092      0.000
1032 1036    -49.458      9.301      0.000
1033 1037    -49.604      7.730      0.000
1035 1038    -49.450      1.785      0.000
1034 1039    -48.593    -19.184      0.000
  -1   -2    -51.582     51.578      0.000
  -1 1041    -49.626     -6.446      0.000
1036 1042    -49.931     -0.168      0.000
1038 1044    -50.572      5.449      0.000
  -1   -2    -51.572     30.274      0.000
1039 1045    -50.018     -8.049      0.000
  -1 1043    -49.172    -28.792      0.000
1041 1048    -49.896    -21.241      0.000
1042 1049    -52.913     52.928      0.000
  -1   -2    -51.334      8.222      0.000
1044 1051    -50.674    -11.065      0.000
  -1   -2    -51.627      3.525      0.000
  -1   -2    -51.601      1.919      0.000
1049 1054    -50.751    -20.950      0.000
1050 1056    -51.798     -8.023      0.000
  -1   -2    -50.992    -29.487      0.000
1051 1057    -53.382     18.706      0.000
1053 1058    -54.062     30.624      0.000
1054 1059    -55.470     39.280      0.000
  -1   -2    -55.946     28.866      0.000
1056 1061    -56.407     36.572      0.000
  -1 1062    -56.081     25.232      0.000
  -1   -2    -56.091     18.858      0.000
1059 1065    -56.229     16.524      0.000
1060 1066    -56.465     20.516      0.000
1061 1067    -56.487     20.225      0.000
1062 1068    -56.504     19.739      0.000
1063 1071    -56.472     17.824      0.000
1064 1069    -56.540     18.779      0.000
  -1 1070    -54.563    -28.405      0.000
1065 1072    -56.602     16.584      0.000
  -1   -2    -56.595     14.707      0.000
1068 1073    -57.475     32.581      0.000
1069 1075    -57.110     20.354      0.000
1070 1077    -57.131     19.718      0.000
1071 1076    -58.328     49.425      0.000
  -1   -2    -57.647     29.479      0.000
1073 1078    -57.190     17.446      0.000
  -1   -2    -57.584     23.684      0.000
1075 1079    -57.229     14.709      0.000
1078 1080    -58.498     41.373      0.000
1077 1081    -55.646    -28.038      0.000
  -1   -2    -56.745    -10.501      0.000
1080 1083    -58.590     20.288      0.000
  -1 1084    -57.027    -22.950      0.000
1084 1085    -59.499     31.412      0.000
1082   -2    -57.084    -27.041      0.000
1085 1086    -59.893     38.110      0.000
  -1   -2    -59.828     34.062      0.000
1086 1087    -59.850     33.843      0.000
  -1   -2    -58.645      0.174      0.000
1089 1089    -58.990      5.598      0.000
  -1 1093    -57.706    -26.189      0.000
  -1 1092    -58.072    -18.011      0.000
  -1 1090    -60.355     36.454      0.000
1092 1091    -59.864     23.908      0.000
  -1 1095    -57.585    -29.894      0.000
1091 1094    -57.722    -27.085      0.000
1093 1097    -58.529    -11.625      0.000
1094 1096    -60.279     29.391      0.000
  -1   -2    -59.371      4.699      0.000
  -1   -2    -59.329      2.455      0.000
1097 1099    -59.588      3.586      0.000
1098 1100    -58.547    -22.490      0.000
1099 1101    -59.051    -13.678      0.000
1100 1102    -60.509     18.640      0.000
1101 1103    -61.164     32.008      0.000
  -1 1104    -60.127      5.163      0.000
1102 1105    -59.428    -14.004      0.000
1103 1106    -60.370      3.335      0.000
1104 1107    -59.454    -23.958      0.000
1105 1108    -60.251     -7.488      0.000
1106 1111    -59.987    -16.195      0.000
1107 1112    -60.952      5.203      0.000
1108 1113    -60.351     -9.357      0.000
1109 1114    -60.242    -12.947      0.000
1110 1109    -62.593     43.293      0.000
1112 1115    -62.043     25.056      0.000
1113 1117    -61.045     -1.584      0.000
1115 1116    -63.059     46.270      0.000
1117 1118    -61.742     10.308      0.000
  -1 1120    -60.606    -16.422      0.000
1118 1119    -62.143     18.139      0.000
1120 1122    -61.939      7.397      0.000
1122 1123    -63.506     35.351      0.000
  -1   -2    -63.598     33.799      0.000
1125 1124    -61.899    -13.391      0.000
1126 1127    -63.190     12.410      0.000
  -1   -2    -63.112     10.517      0.000
  -1 1130    -62.978      4.719      0.000
  -1 1126    -64.252     35.149      0.000
1129 1125    -63.943     27.473      0.000
  -1 1128    -64.854     49.102      0.000
  -1   -2    -64.073     28.460      0.000
1130 1129    -64.602     40.477      0.000
  -1 1131    -62.825     -2.458      0.000
  -1   -2    -63.269      7.667      0.000
  -1 1132    -62.115    -22.149      0.000
  -1   -2    -64.511     32.744      0.000
1134 1133    -63.867     12.973      0.000
  -1   -2    -62.343    -22.704      0.000
1136 1136    -62.879    -15.765      0.000
1137 1135    -62.439    -25.751      0.000
  -1   -2    -63.859      6.100      0.000
  -1   -2    -63.404     -7.747      0.000
1139 1139    -65.029     27.303      0.000
  -1   -2    -64.960     22.704      0.000
1140 1141    -64.712     15.157      0.000
1142 1143    -63.301    -20.973      0.000
  -1 1142    -65.151     20.825      0.000
1143 1144    -64.743      9.185      0.000
1144 1146    -64.688      7.174      0.000
1146 1145    -63.262    -25.532      0.000
1145 1147    -64.537      3.009      0.000
1147   -2    -64.965      8.714      0.000
  -1   -2    -66.715     49.054      0.000
1150 1150    -65.634     21.309      0.000
  -1   -2    -65.575     15.338      0.000
1155 1151    -66.290     30.694      0.000
1153 1154    -64.906     -2.696      0.000
1154 1155    -64.880     -5.281      0.000
1156 1156    -64.789    -12.638      0.000
1157 1157    -65.966     14.200      0.000
1158 1158    -64.518    -19.433      0.000
1161 1159    -64.639    -18.099      0.000
1159 1161    -65.412     -0.725      0.000
1160 1164    -65.968     10.176      0.000
1163 1160    -66.720     26.438      0.000
1162 1165    -64.717    -20.687      0.000
  -1 1163    -67.010     31.722      0.000
  -1   -2    -65.200    -13.421      0.000
  -1 1167    -65.357    -11.651      0.000
1166 1168    -66.971     22.183      0.000
1164 1169    -66.532     10.726      0.000
1165 1170    -66.681     13.151      0.000
1167 1171    -66.486      6.520      0.000
1168 1173    -66.558      3.834      0.000
1170 1172    -65.447    -21.940      0.000
1172 1174    -66.045    -12.014      0.000
1174 1175    -66.430    -14.078      0.000
1173 1176    -66.975     -2.729      0.000
1175 1178    -66.640    -21.988      0.000
1176 1179    -67.192    -10.921      0.000
1177 1181    -67.179    -19.397      0.000
