1252
   1    51.357    43.394     0.000   82   -1   -1   -1
   2    50.973    32.076     0.000  243   -1   -1   -1
   3    50.202    35.118     0.000  195   -1   -1   -1
   4    50.027    40.899     0.000  111   -1   -1   -1
   5    50.131    28.902     0.000  286   -1   -1   -1
   6    50.804     3.165     0.000  703   -1   -1   -1
   7    50.100    22.762     0.000  365   -1   -1   -1
   8    49.577    41.500     0.000  102   -1   -1   -1
   9    50.193    13.541     0.000  523   -1   -1   -1
  10    50.277     7.322     0.000  624   -1   -1   -1
  11    50.010    15.156     0.000  499   -1   -1   -1
  12    49.920    13.094     0.000  531   -1   -1   -1
  13    49.720     9.429     0.000  597   -1   -1   -1
  14    49.811     4.962     0.000  669   -1   -1   -1
  15    49.992    -2.751     0.000  813   -1   -1   -1
  16    49.435    -7.206     0.000  894   -1   -1   -1
  17    49.008     6.932     0.000  632   -1   -1   -1
  18    48.133    38.008     0.000  145   -1   -1   -1
  19    49.515   -15.351     0.000 1035   -1   -1   -1
  20    49.263    -9.472     0.000  931   -1   -1   -1
  21    48.385    22.834     0.000  363   -1   -1   -1
  22    47.907    31.005     0.000  262   -1   -1   -1
  23    48.774    -8.209     0.000  910   -1   -1   -1
  24    48.011    19.914     0.000  419   -1   -1   -1
  25    48.120    13.078     0.000  530   -1   -1   -1
  26    48.767   -13.603     0.000 1011   -1   -1   -1
  27    48.495    -4.883     0.000  856   -1   -1   -1
  28    48.333    -1.777     0.000  790   -1   -1   -1
  29    47.566    26.199     0.000  328   -1   -1   -1
  30    48.452   -17.059     0.000 1063   -1   -1   -1
  31    46.996    33.644     0.000  222   -1   -1   -1
  32    46.793    41.248     0.000  107   -1   -1   -1
  33    46.043    48.150     0.000   39   -1   -1   -1
  34    47.328    -3.724     0.000  832   -1   -1   -1
  35    46.109    29.705     0.000  277   -1   -1   -1
  36    46.979    -4.652     0.000  851   -1   -1   -1
  37    46.878    -1.522     0.000  785   -1   -1   -1
  38    47.436   -23.475     0.000 1163   -1   -1   -1
  39    47.261   -19.069     0.000 1093   -1   -1   -1
  40    47.009   -24.039     0.000 1175   -1   -1   -1
  41    45.707    20.410     0.000  410   -1   -1   -1
  42    45.853    14.694     0.000  503   -1   -1   -1
  43    45.921    10.338     0.000  577   -1   -1   -1
  44    45.709    18.084     0.000  444   -1   -1   -1
  45    44.913    32.014     0.000  244   -1   -1   -1
  46    45.901    -6.498     0.000  876   -1   -1   -1
  47    45.963    -8.943     0.000  921   -1   -1   -1
  48    45.150    10.264     0.000  579   -1   -1   -1
  49    44.781    22.437     0.000  372   -1   -1   -1
  50    44.925    11.713     0.000  556   -1   -1   -1
  51    44.576    22.199     0.000  379   -1   -1   -1
  52    44.755     3.493     0.000  697   -1   -1   -1
  53    44.024    26.498     0.000  316   -1   -1   -1
  54    44.288    16.562     0.000  475   -1   -1   -1
  55    43.939    28.469     0.000  294   -1   -1   -1
  56    43.586    40.796     0.000  113   -1   -1   -1
  57    43.529    38.004     0.000  144   -1   -1   -1
  58    43.779    24.218     0.000  341   -1   -1   -1
  59    44.560   -12.210     0.000  983   -1   -1   -1
  60    43.314    32.766     0.000  230   -1   -1   -1
  61    43.440    27.984     0.000  298   -1   -1   -1
  62    43.056    38.751     0.000  137   -1   -1   -1
  63    44.538   -23.985     0.000 1173   -1   -1   -1
  64    43.277    16.122     0.000  485   -1   -1   -1
  65    42.556    26.265     0.000  324   -1   -1   -1
  66    42.445    28.590     0.000  290   -1   -1   -1
  67    41.591    52.845     0.000    7   -1   -1   -1
  68    41.557    31.882     0.000  246   -1   -1   -1
  69    40.953    52.441     0.000   10   -1   -1   -1
  70    41.996    11.802     0.000  553   -1   -1   -1
  71    40.807    53.147     0.000    3   -1   -1   -1
  72    40.873    50.430     0.000   20   -1   -1   -1
  73    40.797    48.723     0.000   34   -1   -1   -1
  74    40.734    45.373     0.000   63   -1   -1   -1
  75    40.530    40.900     0.000  109   -1   -1   -1
  76    40.979    23.948     0.000  346   -1   -1   -1
  77    40.416    37.903     0.000  147   -1   -1   -1
  78    40.050    48.755     0.000   33   -1   -1   -1
  79    40.367    35.833     0.000  186   -1   -1   -1
  80    39.718    16.258     0.000  481   -1   -1   -1
  81    39.656    17.785     0.000  452   -1   -1   -1
  82    39.730    12.621     0.000  535   -1   -1   -1
  83    39.408    22.554     0.000  368   -1   -1   -1
  84    39.542    15.662     0.000  489   -1   -1   -1
  85    40.492   -22.364     0.000 1142   -1   -1   -1
  86    39.510    11.718     0.000  554   -1   -1   -1
  87    39.381    13.586     0.000  520   -1   -1   -1
  88    39.447    10.447     0.000  573   -1   -1   -1
  89    39.306    14.182     0.000  508   -1   -1   -1
  90    38.676    36.032     0.000  179   -1   -1   -1
  91    39.788    -4.121     0.000  838   -1   -1   -1
  92    39.389     8.175     0.000  606   -1   -1   -1
  93    38.113    53.063     0.000    6   -1   -1   -1
  94    39.322     7.126     0.000  623   -1   -1   -1
  95    38.771    25.756     0.000  332   -1   -1   -1
  96    39.717   -13.089     0.000  997   -1   -1   -1
  97    39.162     6.266     0.000  640   -1   -1   -1
  98    39.223     2.104     0.000  719   -1   -1   -1
  99    39.123     4.842     0.000  666   -1   -1   -1
 100    38.601    22.553     0.000  367   -1   -1   -1
 101    39.131     3.577     0.000  691   -1   -1   -1
 102    39.129     2.705     0.000  708   -1   -1   -1
 103    39.103     2.230     0.000  716   -1   -1   -1
 104    38.057    38.757     0.000  136   -1   -1   -1
 105    39.019     1.215     0.000  734   -1   -1   -1
 106    39.021    -2.321     0.000  796   -1   -1   -1
 107    38.984    -2.575     0.000  804   -1   -1   -1
 108    38.897    -0.359     0.000  759   -1   -1   -1
 109    38.919    -2.953     0.000  811   -1   -1   -1
 110    38.832    -3.627     0.000  827   -1   -1   -1
 111    37.378    48.468     0.000   37   -1   -1   -1
 112    38.673    -5.781     0.000  862   -1   -1   -1
 113    38.141    11.417     0.000  558   -1   -1   -1
 114    36.915    52.041     0.000   13   -1   -1   -1
 115    37.421    26.335     0.000  319   -1   -1   -1
 116    37.013    37.525     0.000  153   -1   -1   -1
 117    38.126    -4.121     0.000  836   -1   -1   -1
 118    38.431   -15.794     0.000 1038   -1   -1   -1
 119    38.402   -17.488     0.000 1066   -1   -1   -1
 120    37.296    11.428     0.000  557   -1   -1   -1
 121    36.644    27.865     0.000  301   -1   -1   -1
 122    38.134   -29.848     0.000 1250   -1   -1   -1
 123    37.757   -20.047     0.000 1105   -1   -1   -1
 124    36.380    22.213     0.000  374   -1   -1   -1
 125    36.149    16.355     0.000  476   -1   -1   -1
 126    35.574    34.572     0.000  205   -1   -1   -1
 127    35.803    21.971     0.000  381   -1   -1   -1
 128    34.965    52.122     0.000   11   -1   -1   -1
 129    35.384    25.857     0.000  330   -1   -1   -1
 130    34.831    16.840     0.000  464   -1   -1   -1
 131    35.316    -3.176     0.000  815   -1   -1   -1
 132    33.816    32.106     0.000  238   -1   -1   -1
 133    34.812    -7.070     0.000  884   -1   -1   -1
 134    34.773   -22.470     0.000 1139   -1   -1   -1
 135    33.972    -0.865     0.000  763   -1   -1   -1
 136    33.930    -1.821     0.000  783   -1   -1   -1
 137    34.230   -22.567     0.000 1141   -1   -1   -1
 138    34.266   -25.090     0.000 1183   -1   -1   -1
 139    33.605    -3.401     0.000  819   -1   -1   -1
 140    32.166    39.241     0.000  127   -1   -1   -1
 141    31.470    51.789     0.000   14   -1   -1   -1
 142    33.574   -27.411     0.000 1212   -1   -1   -1
 143    32.880    -7.387     0.000  889   -1   -1   -1
 144    33.426   -28.563     0.000 1233   -1   -1   -1
 145    32.673    -3.257     0.000  816   -1   -1   -1
 146    31.349    30.721     0.000  265   -1   -1   -1
 147    31.144    36.752     0.000  165   -1   -1   -1
 148    32.918   -26.025     0.000 1189   -1   -1   -1
 149    32.906   -26.703     0.000 1200   -1   -1   -1
 150    32.765   -31.220     0.000 1251   -1   -1   -1
 151    32.406   -25.075     0.000 1180   -1   -1   -1
 152    32.138   -26.655     0.000 1198   -1   -1   -1
 153    30.605    21.884     0.000  382   -1   -1   -1
 154    29.187    39.696     0.000  121   -1   -1   -1
 155    28.813    46.865     0.000   50   -1   -1   -1
 156    29.142    10.314     0.000  570   -1   -1   -1
 157    29.840   -14.878     0.000 1021   -1   -1   -1
 158    28.837    12.939     0.000  526   -1   -1   -1
 159    28.068    36.888     0.000  164   -1   -1   -1
 160    28.450    20.339     0.000  408   -1   -1   -1
 161    29.301   -13.607     0.000 1004   -1   -1   -1
 162    27.549    45.105     0.000   65   -1   -1   -1
 163    29.331   -18.397     0.000 1076   -1   -1   -1
 164    28.989   -10.653     0.000  940   -1   -1   -1
 165    28.835    -6.734     0.000  872   -1   -1   -1
 166    28.920   -11.975     0.000  971   -1   -1   -1
 167    27.937    12.026     0.000  545   -1   -1   -1
 168    28.525   -16.305     0.000 1041   -1   -1   -1
 169    26.924    34.281     0.000  208   -1   -1   -1
 170    28.556   -26.626     0.000 1197   -1   -1   -1
 171    26.888    18.502     0.000  431   -1   -1   -1
 172    27.292     4.302     0.000  673   -1   -1   -1
 173    27.912   -24.010     0.000 1160   -1   -1   -1
 174    26.580    19.269     0.000  421   -1   -1   -1
 175    26.785     2.113     0.000  713   -1   -1   -1
 176    27.644   -26.258     0.000 1190   -1   -1   -1
 177    26.135    22.019     0.000  376   -1   -1   -1
 178    24.945    51.767     0.000   15   -1   -1   -1
 179    27.312   -28.637     0.000 1230   -1   -1   -1
 180    25.761    15.635     0.000  487   -1   -1   -1
 181    27.036   -29.892     0.000 1249   -1   -1   -1
 182    26.299    -6.284     0.000  863   -1   -1   -1
 183    25.783    10.121     0.000  576   -1   -1   -1
 184    26.680   -19.723     0.000 1095   -1   -1   -1
 185    24.953    36.109     0.000  172   -1   -1   -1
 186    25.984    -1.235     0.000  764   -1   -1   -1
 187    26.192   -10.513     0.000  935   -1   -1   -1
 188    26.454   -24.152     0.000 1162   -1   -1   -1
 189    26.412   -23.884     0.000 1156   -1   -1   -1
 190    26.266   -22.551     0.000 1134   -1   -1   -1
 191    25.563   -11.417     0.000  957   -1   -1   -1
 192    25.777   -24.675     0.000 1174   -1   -1   -1
 193    24.021    27.436     0.000  303   -1   -1   -1
 194    24.340    15.381     0.000  490   -1   -1   -1
 195    25.025    -9.314     0.000  917   -1   -1   -1
 196    24.587     2.048     0.000  714   -1   -1   -1
 197    23.893    24.506     0.000  338   -1   -1   -1
 198    24.955   -15.057     0.000 1022   -1   -1   -1
 199    24.544    -3.435     0.000  814   -1   -1   -1
 200    23.774    19.195     0.000  423   -1   -1   -1
 201    23.124    40.680     0.000  112   -1   -1   -1
 202    24.750   -14.586     0.000 1015   -1   -1   -1
 203    24.339    -4.971     0.000  844   -1   -1   -1
 204    23.892     7.720     0.000  607   -1   -1   -1
 205    24.999   -28.623     0.000 1227   -1   -1   -1
 206    24.281    -8.614     0.000  907   -1   -1   -1
 207    22.731    40.731     0.000  110   -1   -1   -1
 208    24.293   -12.633     0.000  978   -1   -1   -1
 209    23.531     6.933     0.000  621   -1   -1   -1
 210    23.147    16.083     0.000  479   -1   -1   -1
 211    22.753    25.915     0.000  326   -1   -1   -1
 212    22.579    31.722     0.000  245   -1   -1   -1
 213    22.126    44.868     0.000   67   -1   -1   -1
 214    22.434    33.659     0.000  214   -1   -1   -1
 215    21.907    48.983     0.000   32   -1   -1   -1
 216    23.125     3.214     0.000  692   -1   -1   -1
 217    22.689    10.090     0.000  575   -1   -1   -1
 218    22.672     7.996     0.000  604   -1   -1   -1
 219    22.962    -2.014     0.000  781   -1   -1   -1
 220    22.677     0.306     0.000  741   -1   -1   -1
 221    21.752    28.528     0.000  287   -1   -1   -1
 222    23.193   -20.701     0.000 1108   -1   -1   -1
 223    22.748    -9.693     0.000  923   -1   -1   -1
 224    22.939   -17.274     0.000 1054   -1   -1   -1
 225    23.178   -27.443     0.000 1205   -1   -1   -1
 226    22.406    -3.215     0.000  808   -1   -1   -1
 227    22.384    -4.079     0.000  828   -1   -1   -1
 228    22.814   -19.368     0.000 1085   -1   -1   -1
 229    22.413    -7.769     0.000  893   -1   -1   -1
 230    22.694   -19.813     0.000 1092   -1   -1   -1
 231    21.882     2.063     0.000  711   -1   -1   -1
 232    21.831     0.830     0.000  733   -1   -1   -1
 233    22.169   -12.245     0.000  972   -1   -1   -1
 234    22.332   -19.565     0.000 1089   -1   -1   -1
 235    21.751    -1.669     0.000  771   -1   -1   -1
 236    21.685     0.037     0.000  746   -1   -1   -1
 237    20.698    32.421     0.000  233   -1   -1   -1
 238    22.010   -10.844     0.000  939   -1   -1   -1
 239    20.446    37.242     0.000  158   -1   -1   -1
 240    21.508    -4.853     0.000  841   -1   -1   -1
 241    20.883    14.923     0.000  496   -1   -1   -1
 242    21.531   -10.112     0.000  927   -1   -1   -1
 243    21.528   -13.019     0.000  989   -1   -1   -1
 244    21.859   -25.855     0.000 1186   -1   -1   -1
 245    21.373   -11.067     0.000  944   -1   -1   -1
 246    21.861   -26.840     0.000 1196   -1   -1   -1
 247    19.871    32.009     0.000  237   -1   -1   -1
 248    21.246   -17.275     0.000 1052   -1   -1   -1
 249    20.729    -1.743     0.000  772   -1   -1   -1
 250    20.928    -8.584     0.000  901   -1   -1   -1
 251    20.554    -2.910     0.000  798   -1   -1   -1
 252    18.949    49.806     0.000   26   -1   -1   -1
 253    21.375   -29.643     0.000 1244   -1   -1   -1
 254    21.081   -28.779     0.000 1228   -1   -1   -1
 255    19.231    30.741     0.000  261   -1   -1   -1
 256    19.109    34.446     0.000  203   -1   -1   -1
 257    19.609    15.131     0.000  492   -1   -1   -1
 258    20.369    -9.409     0.000  916   -1   -1   -1
 259    19.164    28.592     0.000  285   -1   -1   -1
 260    18.487    51.277     0.000   18   -1   -1   -1
 261    19.711     9.297     0.000  586   -1   -1   -1
 262    20.244   -11.905     0.000  963   -1   -1   -1
 263    19.770     0.335     0.000  740   -1   -1   -1
 264    19.239    17.451     0.000  453   -1   -1   -1
 265    19.563     4.726     0.000  662   -1   -1   -1
 266    20.074   -18.157     0.000 1068   -1   -1   -1
 267    18.518    29.888     0.000  272   -1   -1   -1
 268    19.707   -10.755     0.000  937   -1   -1   -1
 269    17.640    53.649     0.000    1   -1   -1   -1
 270    17.666    52.547     0.000    8   -1   -1   -1
 271    18.126    31.921     0.000  239   -1   -1   -1
 272    18.089    30.421     0.000  267   -1   -1   -1
 273    19.073    -2.126     0.000  782   -1   -1   -1
 274    19.041   -15.403     0.000 1024   -1   -1   -1
 275    19.285   -26.792     0.000 1191   -1   -1   -1
 276    17.266    34.632     0.000  202   -1   -1   -1
 277    17.013    39.247     0.000  125   -1   -1   -1
 278    18.243    -1.205     0.000  762   -1   -1   -1
 279    17.228    25.603     0.000  331   -1   -1   -1
 280    17.051    31.166     0.000  253   -1   -1   -1
 281    18.676   -21.198     0.000 1114   -1   -1   -1
 282    18.634   -20.402     0.000 1101   -1   -1   -1
 283    17.304    21.754     0.000  380   -1   -1   -1
 284    17.121    27.650     0.000  299   -1   -1   -1
 285    18.852   -28.590     0.000 1223   -1   -1   -1
 286    18.011    -2.635     0.000  794   -1   -1   -1
 287    18.754   -26.830     0.000 1193   -1   -1   -1
 288    16.709    38.134     0.000  141   -1   -1   -1
 289    18.681   -25.717     0.000 1184   -1   -1   -1
 290    17.429    13.247     0.000  517   -1   -1   -1
 291    18.139   -15.027     0.000 1018   -1   -1   -1
 292    16.568    29.220     0.000  278   -1   -1   -1
 293    17.087    11.526     0.000  550   -1   -1   -1
 294    17.716   -11.314     0.000  946   -1   -1   -1
 295    18.199   -28.700     0.000 1226   -1   -1   -1
 296    17.512   -14.812     0.000 1016   -1   -1   -1
 297    17.754   -22.993     0.000 1138   -1   -1   -1
 298    15.818    33.428     0.000  220   -1   -1   -1
 299    16.892    -6.530     0.000  864   -1   -1   -1
 300    15.753    26.220     0.000  314   -1   -1   -1
 301    16.445     1.078     0.000  727   -1   -1   -1
 302    15.234    39.454     0.000  124   -1   -1   -1
 303    17.316   -28.262     0.000 1216   -1   -1   -1
 304    15.985    12.862     0.000  525   -1   -1   -1
 305    17.311   -29.833     0.000 1245   -1   -1   -1
 306    14.871    45.856     0.000   56   -1   -1   -1
 307    17.096   -26.999     0.000 1195   -1   -1   -1
 308    15.065    37.257     0.000  155   -1   -1   -1
 309    15.098    35.491     0.000  187   -1   -1   -1
 310    15.792     9.128     0.000  589   -1   -1   -1
 311    15.701    10.364     0.000  567   -1   -1   -1
 312    15.137    28.388     0.000  289   -1   -1   -1
 313    14.742    40.579     0.000  114   -1   -1   -1
 314    15.751     5.931     0.000  636   -1   -1   -1
 315    15.287    17.578     0.000  446   -1   -1   -1
 316    15.481     9.659     0.000  580   -1   -1   -1
 317    15.253    15.127     0.000  491   -1   -1   -1
 318    16.532   -25.072     0.000 1176   -1   -1   -1
 319    14.353    43.839     0.000   75   -1   -1   -1
 320    16.566   -26.993     0.000 1194   -1   -1   -1
 321    16.275   -22.790     0.000 1132   -1   -1   -1
 322    14.112    46.005     0.000   55   -1   -1   -1
 323    15.899   -12.848     0.000  977   -1   -1   -1
 324    14.175    41.077     0.000  106   -1   -1   -1
 325    16.119   -21.151     0.000 1112   -1   -1   -1
 326    14.553    19.866     0.000  415   -1   -1   -1
 327    14.201    26.186     0.000  315   -1   -1   -1
 328    14.412    18.831     0.000  426   -1   -1   -1
 329    13.932    33.499     0.000  216   -1   -1   -1
 330    15.441   -14.777     0.000 1013   -1   -1   -1
 331    15.592   -21.257     0.000 1113   -1   -1   -1
 332    15.583   -21.508     0.000 1116   -1   -1   -1
 333    13.586    39.122     0.000  126   -1   -1   -1
 334    14.853    -1.704     0.000  769   -1   -1   -1
 335    15.150   -11.585     0.000  950   -1   -1   -1
 336    14.082    22.112     0.000  371   -1   -1   -1
 337    14.383    10.434     0.000  565   -1   -1   -1
 338    13.969    22.291     0.000  364   -1   -1   -1
 339    14.762    -3.983     0.000  821   -1   -1   -1
 340    14.752    -7.552     0.000  882   -1   -1   -1
 341    13.930    16.084     0.000  473   -1   -1   -1
 342    14.470    -2.102     0.000  778   -1   -1   -1
 343    15.309   -28.556     0.000 1221   -1   -1   -1
 344    13.909    12.879     0.000  524   -1   -1   -1
 345    14.880   -19.728     0.000 1087   -1   -1   -1
 346    14.451    -8.777     0.000  902   -1   -1   -1
 347    14.233    -2.535     0.000  788   -1   -1   -1
 348    12.808    36.469     0.000  167   -1   -1   -1
 349    13.794     4.710     0.000  661   -1   -1   -1
 350    13.744     6.287     0.000  629   -1   -1   -1
 351    14.099    -6.935     0.000  869   -1   -1   -1
 352    14.500   -20.022     0.000 1091   -1   -1   -1
 353    14.183   -11.494     0.000  948   -1   -1   -1
 354    13.610     3.646     0.000  679   -1   -1   -1
 355    14.132   -14.001     0.000 1001   -1   -1   -1
 356    12.438    37.021     0.000  160   -1   -1   -1
 357    14.167   -18.141     0.000 1064   -1   -1   -1
 358    14.089   -18.597     0.000 1070   -1   -1   -1
 359    14.302   -29.654     0.000 1243   -1   -1   -1
 360    11.853    45.252     0.000   62   -1   -1   -1
 361    12.546    20.466     0.000  401   -1   -1   -1
 362    11.811    41.988     0.000   95   -1   -1   -1
 363    13.783   -22.757     0.000 1131   -1   -1   -1
 364    12.871     4.859     0.000  659   -1   -1   -1
 365    11.420    49.254     0.000   29   -1   -1   -1
 366    12.828     1.840     0.000  712   -1   -1   -1
 367    13.461   -21.648     0.000 1118   -1   -1   -1
 368    12.968    -7.694     0.000  885   -1   -1   -1
 369    11.306    44.345     0.000   70   -1   -1   -1
 370    11.805    25.983     0.000  320   -1   -1   -1
 371    12.521     3.054     0.000  688   -1   -1   -1
 372    12.917   -10.337     0.000  926   -1   -1   -1
 373    12.446     2.799     0.000  696   -1   -1   -1
 374    13.405   -29.570     0.000 1239   -1   -1   -1
 375    12.119     9.357     0.000  583   -1   -1   -1
 376    12.353     1.674     0.000  715   -1   -1   -1
 377    10.969    45.055     0.000   64   -1   -1   -1
 378    12.376    -3.538     0.000  810   -1   -1   -1
 379    10.903    41.852     0.000   98   -1   -1   -1
 380    11.574    20.150     0.000  406   -1   -1   -1
 381    11.580    16.747     0.000  458   -1   -1   -1
 382    11.361    21.732     0.000  378   -1   -1   -1
 383    11.997     0.654     0.000  732   -1   -1   -1
 384    11.052    29.534     0.000  273   -1   -1   -1
 385    11.253    22.850     0.000  354   -1   -1   -1
 386    11.784     2.910     0.000  693   -1   -1   -1
 387    11.036    21.397     0.000  388   -1   -1   -1
 388    10.783    28.080     0.000  293   -1   -1   -1
 389    12.463   -25.039     0.000 1171   -1   -1   -1
 390    10.549    31.953     0.000  236   -1   -1   -1
 391    11.354     5.664     0.000  641   -1   -1   -1
 392    11.724    -7.275     0.000  873   -1   -1   -1
 393    11.230     7.930     0.000  602   -1   -1   -1
 394    11.876   -12.247     0.000  968   -1   -1   -1
 395    11.312     1.936     0.000  709   -1   -1   -1
 396    10.458    28.105     0.000  292   -1   -1   -1
 397    12.028   -21.667     0.000 1117   -1   -1   -1
 398    11.561    -7.460     0.000  878   -1   -1   -1
 399    10.880    13.323     0.000  513   -1   -1   -1
 400    10.650    19.836     0.000  412   -1   -1   -1
 401    11.493   -13.146     0.000  981   -1   -1   -1
 402    11.010     0.381     0.000  735   -1   -1   -1
 403    10.350    19.826     0.000  413   -1   -1   -1
 404    11.398   -14.119     0.000 1003   -1   -1   -1
 405    10.525    12.138     0.000  534   -1   -1   -1
 406     9.455    43.491     0.000   78   -1   -1   -1
 407    10.900    -2.494     0.000  787   -1   -1   -1
 408    11.180   -13.162     0.000  982   -1   -1   -1
 409     9.304    42.674     0.000   89   -1   -1   -1
 410    11.541   -28.519     0.000 1219   -1   -1   -1
 411    11.507   -29.714     0.000 1241   -1   -1   -1
 412    10.883   -11.807     0.000  956   -1   -1   -1
 413    10.489    -3.069     0.000  797   -1   -1   -1
 414     9.342    32.235     0.000  235   -1   -1   -1
 415    10.102     7.707     0.000  605   -1   -1   -1
 416    10.802   -14.017     0.000 1000   -1   -1   -1
 417    11.086   -23.296     0.000 1140   -1   -1   -1
 418     9.143    34.337     0.000  204   -1   -1   -1
 419     8.793    42.962     0.000   85   -1   -1   -1
 420     9.828     5.137     0.000  651   -1   -1   -1
 421     9.109    27.035     0.000  307   -1   -1   -1
 422     8.679    39.698     0.000  118   -1   -1   -1
 423     9.695     0.320     0.000  736   -1   -1   -1
 424     9.132    17.695     0.000  436   -1   -1   -1
 425    10.327   -22.515     0.000 1128   -1   -1   -1
 426     9.666    -3.255     0.000  802   -1   -1   -1
 427     8.793    21.128     0.000  391   -1   -1   -1
 428     9.598    -4.849     0.000  837   -1   -1   -1
 429     8.819    16.019     0.000  472   -1   -1   -1
 430     9.121     3.772     0.000  677   -1   -1   -1
 431     8.581    16.660     0.000  459   -1   -1   -1
 432     8.863     5.483     0.000  644   -1   -1   -1
 433     9.693   -20.306     0.000 1096   -1   -1   -1
 434     9.463   -17.415     0.000 1051   -1   -1   -1
 435     7.154    51.644     0.000   16   -1   -1   -1
 436     7.526    36.932     0.000  161   -1   -1   -1
 437     9.224   -22.390     0.000 1124   -1   -1   -1
 438     8.158     9.220     0.000  584   -1   -1   -1
 439     7.244    36.388     0.000  168   -1   -1   -1
 440     7.768    13.202     0.000  515   -1   -1   -1
 441     7.760    11.677     0.000  544   -1   -1   -1
 442     8.364    -7.746     0.000  883   -1   -1   -1
 443     8.760   -22.484     0.000 1126   -1   -1   -1
 444     8.039    -2.776     0.000  792   -1   -1   -1
 445     8.758   -29.551     0.000 1236   -1   -1   -1
 446     8.700   -28.260     0.000 1211   -1   -1   -1
 447     8.093   -12.518     0.000  969   -1   -1   -1
 448     6.539    33.577     0.000  212   -1   -1   -1
 449     6.859    22.685     0.000  357   -1   -1   -1
 450     7.126    13.513     0.000  511   -1   -1   -1
 451     6.189    41.190     0.000  104   -1   -1   -1
 452     6.602    22.813     0.000  353   -1   -1   -1
 453     7.368    -4.019     0.000  818   -1   -1   -1
 454     6.693     9.979     0.000  569   -1   -1   -1
 455     7.715   -25.005     0.000 1169   -1   -1   -1
 456     5.645    35.783     0.000  177   -1   -1   -1
 457     7.192   -11.848     0.000  952   -1   -1   -1
 458     5.452    39.618     0.000  119   -1   -1   -1
 459     6.811    -4.249     0.000  823   -1   -1   -1
 460     5.515    35.243     0.000  190   -1   -1   -1
 461     7.594   -30.528     0.000 1248   -1   -1   -1
 462     5.419    33.541     0.000  213   -1   -1   -1
 463     6.934   -13.739     0.000  992   -1   -1   -1
 464     5.207    36.802     0.000  162   -1   -1   -1
 465     7.237   -25.519     0.000 1177   -1   -1   -1
 466     4.856    46.844     0.000   48   -1   -1   -1
 467     7.271   -28.788     0.000 1220   -1   -1   -1
 468     6.987   -22.109     0.000 1120   -1   -1   -1
 469     5.672    16.969     0.000  455   -1   -1   -1
 470     5.434    23.601     0.000  343   -1   -1   -1
 471     7.002   -28.163     0.000 1207   -1   -1   -1
 472     5.711     6.637     0.000  618   -1   -1   -1
 473     6.252   -11.273     0.000  938   -1   -1   -1
 474     5.825    -0.102     0.000  742   -1   -1   -1
 475     5.909    -4.211     0.000  822   -1   -1   -1
 476     5.187    17.451     0.000  441   -1   -1   -1
 477     4.645    32.527     0.000  229   -1   -1   -1
 478     5.238    11.663     0.000  542   -1   -1   -1
 479     4.590    30.961     0.000  255   -1   -1   -1
 480     6.024   -14.379     0.000 1006   -1   -1   -1
 481     4.512    31.361     0.000  248   -1   -1   -1
 482     5.543    -2.608     0.000  786   -1   -1   -1
 483     5.032    10.406     0.000  563   -1   -1   -1
 484     4.446    25.848     0.000  321   -1   -1   -1
 485     5.249    -1.439     0.000  760   -1   -1   -1
 486     3.793    41.986     0.000   94   -1   -1   -1
 487     5.613   -13.884     0.000  995   -1   -1   -1
 488     4.228    27.154     0.000  304   -1   -1   -1
 489     5.071    -0.127     0.000  743   -1   -1   -1
 490     3.939    34.198     0.000  206   -1   -1   -1
 491     5.802   -28.342     0.000 1210   -1   -1   -1
 492     3.493    41.143     0.000  105   -1   -1   -1
 493     5.451   -23.807     0.000 1147   -1   -1   -1
 494     5.272   -18.918     0.000 1073   -1   -1   -1
 495     5.133   -15.584     0.000 1019   -1   -1   -1
 496     5.533   -29.787     0.000 1237   -1   -1   -1
 497     3.777    21.291     0.000  387   -1   -1   -1
 498     3.196    34.633     0.000  197   -1   -1   -1
 499     5.262   -29.155     0.000 1225   -1   -1   -1
 500     4.566   -10.607     0.000  928   -1   -1   -1
 501     3.619     8.065     0.000  599   -1   -1   -1
 502     3.581     8.660     0.000  595   -1   -1   -1
 503     4.044    -5.326     0.000  842   -1   -1   -1
 504     3.074    23.157     0.000  349   -1   -1   -1
 505     3.033    21.331     0.000  386   -1   -1   -1
 506     3.352    11.509     0.000  549   -1   -1   -1
 507     2.253    43.418     0.000   79   -1   -1   -1
 508     4.035   -13.456     0.000  985   -1   -1   -1
 509     4.055   -21.242     0.000 1106   -1   -1   -1
 510     2.835    14.233     0.000  501   -1   -1   -1
 511     3.018     3.289     0.000  683   -1   -1   -1
 512     3.397    -8.200     0.000  891   -1   -1   -1
 513     3.302    -6.975     0.000  866   -1   -1   -1
 514     2.511    16.770     0.000  457   -1   -1   -1
 515     3.996   -28.343     0.000 1209   -1   -1   -1
 516     2.773     4.039     0.000  667   -1   -1   -1
 517     1.976    27.596     0.000  297   -1   -1   -1
 518     1.665    32.259     0.000  231   -1   -1   -1
 519     1.121    47.847     0.000   40   -1   -1   -1
 520     3.280   -18.570     0.000 1065   -1   -1   -1
 521     3.468   -30.612     0.000 1247   -1   -1   -1
 522     1.368    31.618     0.000  241   -1   -1   -1
 523     1.712    16.962     0.000  454   -1   -1   -1
 524     2.422    -6.591     0.000  859   -1   -1   -1
 525     3.192   -30.036     0.000 1242   -1   -1   -1
 526     2.840   -20.478     0.000 1094   -1   -1   -1
 527     0.520    46.971     0.000   47   -1   -1   -1
 528     2.101    -5.662     0.000  846   -1   -1   -1
 529     1.173    20.360     0.000  399   -1   -1   -1
 530     1.831     0.515     0.000  730   -1   -1   -1
 531     2.628   -24.996     0.000 1164   -1   -1   -1
 532     0.251    42.621     0.000   88   -1   -1   -1
 533     0.328    37.790     0.000  142   -1   -1   -1
 534     1.009    16.055     0.000  469   -1   -1   -1
 535     1.669    -3.733     0.000  809   -1   -1   -1
 536     0.767    22.950     0.000  351   -1   -1   -1
 537     1.252     6.450     0.000  622   -1   -1   -1
 538     0.405    29.965     0.000  269   -1   -1   -1
 539     2.234   -28.333     0.000 1208   -1   -1   -1
 540     0.968     8.534     0.000  596   -1   -1   -1
 541     1.149    -0.928     0.000  755   -1   -1   -1
 542     0.410    18.957     0.000  420   -1   -1   -1
 543     0.496    16.150     0.000  467   -1   -1   -1
 544     1.593   -17.229     0.000 1042   -1   -1   -1
 545     1.800   -24.842     0.000 1158   -1   -1   -1
 546     1.038    -3.902     0.000  812   -1   -1   -1
 547     0.897    -2.294     0.000  773   -1   -1   -1
 548     0.778     1.215     0.000  720   -1   -1   -1
 549     0.485     6.991     0.000  611   -1   -1   -1
 550     1.307   -19.117     0.000 1074   -1   -1   -1
 551     0.645    -1.902     0.000  765   -1   -1   -1
 552    -0.003    13.590     0.000  507   -1   -1   -1
 553     1.494   -30.592     0.000 1246   -1   -1   -1
 554    -1.087    43.071     0.000   83   -1   -1   -1
 555    -0.584    23.539     0.000  342   -1   -1   -1
 556     0.514    -9.838     0.000  914   -1   -1   -1
 557     1.088   -29.618     0.000 1231   -1   -1   -1
 558    -1.487    44.012     0.000   73   -1   -1   -1
 559    -0.229     1.823     0.000  707   -1   -1   -1
 560    -1.032    20.803     0.000  393   -1   -1   -1
 561     0.267   -17.649     0.000 1049   -1   -1   -1
 562    -0.457     1.278     0.000  718   -1   -1   -1
 563     0.305   -22.528     0.000 1121   -1   -1   -1
 564    -1.736    33.321     0.000  217   -1   -1   -1
 565    -1.367    17.330     0.000  443   -1   -1   -1
 566    -1.144     5.900     0.000  631   -1   -1   -1
 567    -1.872    27.019     0.000  305   -1   -1   -1
 568    -1.411    12.904     0.000  518   -1   -1   -1
 569    -0.993    -3.773     0.000  807   -1   -1   -1
 570    -2.528    41.868     0.000   96   -1   -1   -1
 571    -2.672    45.700     0.000   57   -1   -1   -1
 572    -3.196    49.854     0.000   25   -1   -1   -1
 573    -2.065    15.083     0.000  488   -1   -1   -1
 574    -1.689     2.834     0.000  685   -1   -1   -1
 575    -1.001   -24.993     0.000 1161   -1   -1   -1
 576    -2.879    25.606     0.000  325   -1   -1   -1
 577    -1.975    -1.212     0.000  757   -1   -1   -1
 578    -3.113    31.374     0.000  247   -1   -1   -1
 579    -1.073   -28.366     0.000 1206   -1   -1   -1
 580    -1.038   -29.873     0.000 1235   -1   -1   -1
 581    -1.517   -16.589     0.000 1032   -1   -1   -1
 582    -2.954    23.135     0.000  348   -1   -1   -1
 583    -3.539    35.724     0.000  176   -1   -1   -1
 584    -1.700   -19.355     0.000 1075   -1   -1   -1
 585    -1.985   -11.680     0.000  941   -1   -1   -1
 586    -1.952   -16.839     0.000 1034   -1   -1   -1
 587    -2.706     0.395     0.000  731   -1   -1   -1
 588    -3.740    28.379     0.000  284   -1   -1   -1
 589    -3.986    32.638     0.000  226   -1   -1   -1
 590    -3.467    16.427     0.000  460   -1   -1   -1
 591    -3.937    29.201     0.000  276   -1   -1   -1
 592    -3.173     3.968     0.000  665   -1   -1   -1
 593    -2.405   -18.371     0.000 1060   -1   -1   -1
 594    -3.806    21.731     0.000  373   -1   -1   -1
 595    -3.541    12.750     0.000  522   -1   -1   -1
 596    -2.987    -4.627     0.000  825   -1   -1   -1
 597    -2.798   -12.260     0.000  959   -1   -1   -1
 598    -3.887    17.623     0.000  434   -1   -1   -1
 599    -3.746    12.205     0.000  528   -1   -1   -1
 600    -2.928   -14.737     0.000 1007   -1   -1   -1
 601    -2.803   -18.481     0.000 1061   -1   -1   -1
 602    -4.638    34.671     0.000  193   -1   -1   -1
 603    -4.889    41.163     0.000  101   -1   -1   -1
 604    -4.848    38.691     0.000  131   -1   -1   -1
 605    -3.472    -5.073     0.000  833   -1   -1   -1
 606    -3.838     3.214     0.000  680   -1   -1   -1
 607    -4.751    29.216     0.000  275   -1   -1   -1
 608    -5.210    41.830     0.000   97   -1   -1   -1
 609    -5.031    33.786     0.000  210   -1   -1   -1
 610    -5.201    38.608     0.000  133   -1   -1   -1
 611    -3.130   -25.042     0.000 1159   -1   -1   -1
 612    -4.837    22.343     0.000  358   -1   -1   -1
 613    -5.290    35.575     0.000  183   -1   -1   -1
 614    -4.203     1.491     0.000  710   -1   -1   -1
 615    -4.673    14.656     0.000  494   -1   -1   -1
 616    -5.350    34.636     0.000  194   -1   -1   -1
 617    -3.295   -29.450     0.000 1224   -1   -1   -1
 618    -4.199    -8.046     0.000  881   -1   -1   -1
 619    -4.451    -0.952     0.000  753   -1   -1   -1
 620    -4.688     4.796     0.000  652   -1   -1   -1
 621    -3.913   -21.171     0.000 1102   -1   -1   -1
 622    -4.095   -17.075     0.000 1037   -1   -1   -1
 623    -5.136    11.698     0.000  539   -1   -1   -1
 624    -5.733    26.849     0.000  306   -1   -1   -1
 625    -6.168    37.409     0.000  151   -1   -1   -1
 626    -6.028    32.491     0.000  228   -1   -1   -1
 627    -4.759    -5.729     0.000  845   -1   -1   -1
 628    -5.055     2.744     0.000  686   -1   -1   -1
 629    -5.954    25.512     0.000  327   -1   -1   -1
 630    -4.029   -29.919     0.000 1234   -1   -1   -1
 631    -5.087    -2.686     0.000  780   -1   -1   -1
 632    -5.035    -6.104     0.000  855   -1   -1   -1
 633    -6.213    26.087     0.000  312   -1   -1   -1
 634    -6.430    30.571     0.000  260   -1   -1   -1
 635    -6.253    25.035     0.000  334   -1   -1   -1
 636    -5.179    -7.911     0.000  879   -1   -1   -1
 637    -5.443    -2.051     0.000  766   -1   -1   -1
 638    -6.118    13.230     0.000  512   -1   -1   -1
 639    -5.616    -3.633     0.000  801   -1   -1   -1
 640    -6.628    23.296     0.000  345   -1   -1   -1
 641    -6.868    26.576     0.000  309   -1   -1   -1
 642    -5.131   -23.934     0.000 1144   -1   -1   -1
 643    -5.858    -6.028     0.000  852   -1   -1   -1
 644    -5.491   -17.841     0.000 1050   -1   -1   -1
 645    -5.661   -13.560     0.000  979   -1   -1   -1
 646    -5.287   -30.208     0.000 1238   -1   -1   -1
 647    -7.726    38.649     0.000  132   -1   -1   -1
 648    -7.116    16.058     0.000  466   -1   -1   -1
 649    -8.156    46.992     0.000   45   -1   -1   -1
 650    -6.399   -12.339     0.000  958   -1   -1   -1
 651    -6.396   -15.312     0.000 1012   -1   -1   -1
 652    -6.632    -9.376     0.000  903   -1   -1   -1
 653    -8.572    46.107     0.000   53   -1   -1   -1
 654    -8.336    38.281     0.000  139   -1   -1   -1
 655    -6.124   -30.323     0.000 1240   -1   -1   -1
 656    -7.379     4.981     0.000  645   -1   -1   -1
 657    -8.099    25.799     0.000  318   -1   -1   -1
 658    -7.768    15.158     0.000  486   -1   -1   -1
 659    -7.747    13.298     0.000  509   -1   -1   -1
 660    -7.597     8.546     0.000  592   -1   -1   -1
 661    -6.829   -14.227     0.000  994   -1   -1   -1
 662    -6.696   -18.403     0.000 1058   -1   -1   -1
 663    -8.121    22.249     0.000  360   -1   -1   -1
 664    -8.379    27.894     0.000  291   -1   -1   -1
 665    -7.629     5.283     0.000  639   -1   -1   -1
 666    -6.787   -21.355     0.000 1103   -1   -1   -1
 667    -8.093    14.503     0.000  495   -1   -1   -1
 668    -6.709   -25.058     0.000 1157   -1   -1   -1
 669    -8.159    15.574     0.000  477   -1   -1   -1
 670    -7.861     6.630     0.000  613   -1   -1   -1
 671    -6.833   -23.641     0.000 1135   -1   -1   -1
 672    -6.616   -29.830     0.000 1229   -1   -1   -1
 673    -8.639    26.140     0.000  311   -1   -1   -1
 674    -7.143   -17.594     0.000 1044   -1   -1   -1
 675    -6.725   -29.386     0.000 1222   -1   -1   -1
 676    -7.138   -18.752     0.000 1062   -1   -1   -1
 677    -9.077    35.593     0.000  180   -1   -1   -1
 678    -8.010     2.666     0.000  687   -1   -1   -1
 679    -7.779    -4.905     0.000  829   -1   -1   -1
 680    -7.765    -8.484     0.000  890   -1   -1   -1
 681    -8.227     3.612     0.000  671   -1   -1   -1
 682    -8.057    -2.638     0.000  776   -1   -1   -1
 683    -8.079    -7.898     0.000  875   -1   -1   -1
 684    -8.284    -6.700     0.000  858   -1   -1   -1
 685    -8.629    -0.164     0.000  738   -1   -1   -1
 686    -7.980   -21.766     0.000 1110   -1   -1   -1
 687    -9.323    10.707     0.000  555   -1   -1   -1
 688    -9.649    17.113     0.000  449   -1   -1   -1
 689   -10.331    30.810     0.000  254   -1   -1   -1
 690    -9.683    10.147     0.000  562   -1   -1   -1
 691   -10.243    25.305     0.000  329   -1   -1   -1
 692   -11.017    47.409     0.000   42   -1   -1   -1
 693   -11.453    46.003     0.000   54   -1   -1   -1
 694    -9.529   -10.030     0.000  913   -1   -1   -1
 695   -10.188     8.471     0.000  593   -1   -1   -1
 696    -9.166   -23.311     0.000 1129   -1   -1   -1
 697   -10.650    13.684     0.000  504   -1   -1   -1
 698   -10.907    19.740     0.000  407   -1   -1   -1
 699   -11.245    28.693     0.000  279   -1   -1   -1
 700   -10.762    14.343     0.000  497   -1   -1   -1
 701   -11.521    30.327     0.000  263   -1   -1   -1
 702    -9.695   -21.696     0.000 1107   -1   -1   -1
 703    -9.944   -18.253     0.000 1053   -1   -1   -1
 704   -10.121   -13.700     0.000  980   -1   -1   -1
 705   -11.060    12.081     0.000  527   -1   -1   -1
 706   -11.147    13.617     0.000  505   -1   -1   -1
 707   -11.360    18.608     0.000  424   -1   -1   -1
 708   -10.973     6.843     0.000  608   -1   -1   -1
 709   -10.707    -8.932     0.000  895   -1   -1   -1
 710   -12.310    35.980     0.000  170   -1   -1   -1
 711   -11.489    11.663     0.000  536   -1   -1   -1
 712   -12.668    42.140     0.000   92   -1   -1   -1
 713   -12.979    48.953     0.000   31   -1   -1   -1
 714   -12.622    37.404     0.000  149   -1   -1   -1
 715   -12.485    32.099     0.000  232   -1   -1   -1
 716   -11.518     3.886     0.000  664   -1   -1   -1
 717   -11.824    11.239     0.000  548   -1   -1   -1
 718   -11.535     2.452     0.000  690   -1   -1   -1
 719   -11.677     6.235     0.000  620   -1   -1   -1
 720   -11.175    -9.112     0.000  896   -1   -1   -1
 721   -10.450   -29.197     0.000 1215   -1   -1   -1
 722   -13.346    48.464     0.000   35   -1   -1   -1
 723   -11.688    -0.903     0.000  749   -1   -1   -1
 724   -11.159   -17.620     0.000 1043   -1   -1   -1
 725   -10.894   -25.075     0.000 1155   -1   -1   -1
 726   -12.460    15.801     0.000  470   -1   -1   -1
 727   -12.878    25.560     0.000  322   -1   -1   -1
 728   -12.441    12.660     0.000  519   -1   -1   -1
 729   -13.475    42.388     0.000   90   -1   -1   -1
 730   -11.689    -9.242     0.000  898   -1   -1   -1
 731   -10.942   -30.095     0.000 1232   -1   -1   -1
 732   -12.337     4.259     0.000  660   -1   -1   -1
 733   -11.722   -13.093     0.000  970   -1   -1   -1
 734   -12.617     6.586     0.000  612   -1   -1   -1
 735   -11.960   -13.451     0.000  974   -1   -1   -1
 736   -12.881     5.311     0.000  637   -1   -1   -1
 737   -12.319   -10.600     0.000  922   -1   -1   -1
 738   -13.584    20.518     0.000  395   -1   -1   -1
 739   -14.238    38.413     0.000  135   -1   -1   -1
 740   -13.191     6.757     0.000  610   -1   -1   -1
 741   -14.717    43.515     0.000   77   -1   -1   -1
 742   -14.352    30.973     0.000  251   -1   -1   -1
 743   -12.708   -16.227     0.000 1023   -1   -1   -1
 744   -14.985    46.230     0.000   52   -1   -1   -1
 745   -14.001    16.595     0.000  456   -1   -1   -1
 746   -12.912   -14.558     0.000  996   -1   -1   -1
 747   -13.773     5.682     0.000  630   -1   -1   -1
 748   -14.465    20.469     0.000  396   -1   -1   -1
 749   -14.561    21.426     0.000  375   -1   -1   -1
 750   -13.926     3.271     0.000  676   -1   -1   -1
 751   -13.560    -8.659     0.000  892   -1   -1   -1
 752   -15.561    42.959     0.000   84   -1   -1   -1
 753   -13.253   -25.544     0.000 1166   -1   -1   -1
 754   -15.007    22.404     0.000  356   -1   -1   -1
 755   -14.409     2.928     0.000  682   -1   -1   -1
 756   -15.769    35.113     0.000  189   -1   -1   -1
 757   -15.448    25.816     0.000  313   -1   -1   -1
 758   -14.587    -0.356     0.000  739   -1   -1   -1
 759   -13.735   -25.123     0.000 1154   -1   -1   -1
 760   -15.062    10.764     0.000  552   -1   -1   -1
 761   -14.559    -3.609     0.000  795   -1   -1   -1
 762   -14.701    -0.914     0.000  748   -1   -1   -1
 763   -15.115     8.432     0.000  590   -1   -1   -1
 764   -14.621    -5.452     0.000  835   -1   -1   -1
 765   -13.769   -29.100     0.000 1213   -1   -1   -1
 766   -16.553    48.940     0.000   30   -1   -1   -1
 767   -15.322    12.537     0.000  521   -1   -1   -1
 768   -15.143     7.493     0.000  600   -1   -1   -1
 769   -16.175    34.408     0.000  199   -1   -1   -1
 770   -15.626    17.843     0.000  430   -1   -1   -1
 771   -15.042     0.774     0.000  721   -1   -1   -1
 772   -15.294     3.106     0.000  678   -1   -1   -1
 773   -14.729   -12.963     0.000  966   -1   -1   -1
 774   -15.774    13.867     0.000  502   -1   -1   -1
 775   -15.377    -0.625     0.000  744   -1   -1   -1
 776   -16.425    26.971     0.000  302   -1   -1   -1
 777   -15.813     4.683     0.000  650   -1   -1   -1
 778   -15.886     5.277     0.000  635   -1   -1   -1
 779   -15.273   -16.207     0.000 1020   -1   -1   -1
 780   -15.162   -19.520     0.000 1072   -1   -1   -1
 781   -16.438    13.122     0.000  510   -1   -1   -1
 782   -16.488     0.633     0.000  723   -1   -1   -1
 783   -16.432    -1.168     0.000  750   -1   -1   -1
 784   -16.044   -13.556     0.000  973   -1   -1   -1
 785   -17.006    10.219     0.000  560   -1   -1   -1
 786   -17.677    28.597     0.000  280   -1   -1   -1
 787   -18.345    47.218     0.000   43   -1   -1   -1
 788   -16.820     3.459     0.000  670   -1   -1   -1
 789   -17.349    17.053     0.000  445   -1   -1   -1
 790   -16.302   -12.975     0.000  965   -1   -1   -1
 791   -16.665    -3.489     0.000  793   -1   -1   -1
 792   -16.747    -1.613     0.000  758   -1   -1   -1
 793   -17.374    15.525     0.000  474   -1   -1   -1
 794   -18.092    35.099     0.000  188   -1   -1   -1
 795   -18.230    37.585     0.000  143   -1   -1   -1
 796   -16.348   -14.920     0.000 1002   -1   -1   -1
 797   -15.820   -29.444     0.000 1217   -1   -1   -1
 798   -16.641    -9.495     0.000  900   -1   -1   -1
 799   -16.919    -2.861     0.000  777   -1   -1   -1
 800   -18.179    30.934     0.000  250   -1   -1   -1
 801   -18.192    29.504     0.000  271   -1   -1   -1
 802   -18.792    45.152     0.000   61   -1   -1   -1
 803   -18.138    23.823     0.000  339   -1   -1   -1
 804   -17.527     3.892     0.000  663   -1   -1   -1
 805   -17.327    -2.031     0.000  761   -1   -1   -1
 806   -19.151    48.276     0.000   36   -1   -1   -1
 807   -17.654     3.252     0.000  674   -1   -1   -1
 808   -16.569   -27.587     0.000 1187   -1   -1   -1
 809   -18.463    20.501     0.000  394   -1   -1   -1
 810   -18.192    11.504     0.000  538   -1   -1   -1
 811   -18.378    16.035     0.000  463   -1   -1   -1
 812   -17.711    -5.023     0.000  826   -1   -1   -1
 813   -17.268   -18.014     0.000 1046   -1   -1   -1
 814   -17.583   -14.032     0.000  984   -1   -1   -1
 815   -17.336   -23.304     0.000 1125   -1   -1   -1
 816   -18.700    11.733     0.000  533   -1   -1   -1
 817   -18.744    12.608     0.000  516   -1   -1   -1
 818   -19.911    44.669     0.000   66   -1   -1   -1
 819   -18.670     8.983     0.000  581   -1   -1   -1
 820   -19.619    33.641     0.000  209   -1   -1   -1
 821   -19.916    37.405     0.000  148   -1   -1   -1
 822   -18.336    -7.533     0.000  865   -1   -1   -1
 823   -18.736    -1.232     0.000  751   -1   -1   -1
 824   -19.889    30.615     0.000  256   -1   -1   -1
 825   -18.965     4.647     0.000  647   -1   -1   -1
 826   -19.669    19.750     0.000  405   -1   -1   -1
 827   -20.167    33.122     0.000  218   -1   -1   -1
 828   -19.298     0.661     0.000  722   -1   -1   -1
 829   -19.053    -6.231     0.000  847   -1   -1   -1
 830   -19.241    -2.797     0.000  774   -1   -1   -1
 831   -19.348    -8.701     0.000  887   -1   -1   -1
 832   -18.784   -24.150     0.000 1137   -1   -1   -1
 833   -21.318    44.130     0.000   71   -1   -1   -1
 834   -20.701    22.056     0.000  361   -1   -1   -1
 835   -21.320    38.807     0.000  128   -1   -1   -1
 836   -20.286     9.017     0.000  578   -1   -1   -1
 837   -19.263   -18.729     0.000 1057   -1   -1   -1
 838   -20.753    21.266     0.000  377   -1   -1   -1
 839   -21.668    40.045     0.000  115   -1   -1   -1
 840   -21.947    47.587     0.000   41   -1   -1   -1
 841   -19.825   -15.314     0.000 1008   -1   -1   -1
 842   -20.691     4.965     0.000  642   -1   -1   -1
 843   -19.931   -16.581     0.000 1025   -1   -1   -1
 844   -20.792     5.755     0.000  626   -1   -1   -1
 845   -21.010    11.068     0.000  547   -1   -1   -1
 846   -20.814     5.292     0.000  633   -1   -1   -1
 847   -22.220    44.204     0.000   69   -1   -1   -1
 848   -20.124   -14.233     0.000  990   -1   -1   -1
 849   -21.873    32.837     0.000  224   -1   -1   -1
 850   -21.630    25.431     0.000  323   -1   -1   -1
 851   -20.140   -15.442     0.000 1010   -1   -1   -1
 852   -21.473    19.965     0.000  400   -1   -1   -1
 853   -21.457    16.926     0.000  447   -1   -1   -1
 854   -22.248    37.399     0.000  146   -1   -1   -1
 855   -20.069   -22.199     0.000 1111   -1   -1   -1
 856   -22.236    35.559     0.000  175   -1   -1   -1
 857   -20.813    -6.320     0.000  848   -1   -1   -1
 858   -21.084    -3.458     0.000  789   -1   -1   -1
 859   -22.991    45.143     0.000   60   -1   -1   -1
 860   -21.442     1.639     0.000  701   -1   -1   -1
 861   -21.067    -9.793     0.000  906   -1   -1   -1
 862   -21.274    -5.873     0.000  840   -1   -1   -1
 863   -21.300    -7.895     0.000  870   -1   -1   -1
 864   -22.069    10.019     0.000  561   -1   -1   -1
 865   -22.144    11.109     0.000  543   -1   -1   -1
 866   -21.860     2.029     0.000  695   -1   -1   -1
 867   -22.471    17.840     0.000  429   -1   -1   -1
 868   -21.149   -20.540     0.000 1082   -1   -1   -1
 869   -23.802    43.050     0.000   81   -1   -1   -1
 870   -23.225    22.326     0.000  355   -1   -1   -1
 871   -22.813     9.223     0.000  574   -1   -1   -1
 872   -23.254    19.901     0.000  402   -1   -1   -1
 873   -22.168    -9.821     0.000  905   -1   -1   -1
 874   -22.996    11.044     0.000  546   -1   -1   -1
 875   -22.211   -14.259     0.000  988   -1   -1   -1
 876   -22.245   -14.914     0.000  999   -1   -1   -1
 877   -24.440    42.734     0.000   86   -1   -1   -1
 878   -22.944     1.372     0.000  705   -1   -1   -1
 879   -22.411   -13.097     0.000  962   -1   -1   -1
 880   -22.692   -14.242     0.000  986   -1   -1   -1
 881   -24.346    29.603     0.000  270   -1   -1   -1
 882   -23.048    -7.831     0.000  868   -1   -1   -1
 883   -23.518     4.532     0.000  648   -1   -1   -1
 884   -23.358    -0.022     0.000  729   -1   -1   -1
 885   -24.042    16.802     0.000  451   -1   -1   -1
 886   -24.136    15.972     0.000  462   -1   -1   -1
 887   -23.791     5.544     0.000  628   -1   -1   -1
 888   -24.574    21.633     0.000  366   -1   -1   -1
 889   -23.340   -12.458     0.000  945   -1   -1   -1
 890   -25.188    34.264     0.000  201   -1   -1   -1
 891   -24.852    22.653     0.000  350   -1   -1   -1
 892   -23.530   -16.909     0.000 1030   -1   -1   -1
 893   -24.993    21.567     0.000  369   -1   -1   -1
 894   -24.944    18.113     0.000  427   -1   -1   -1
 895   -25.944    45.426     0.000   58   -1   -1   -1
 896   -26.344    52.339     0.000    9   -1   -1   -1
 897   -23.765   -20.877     0.000 1086   -1   -1   -1
 898   -24.661     1.287     0.000  706   -1   -1   -1
 899   -24.271   -10.703     0.000  919   -1   -1   -1
 900   -24.783    -6.989     0.000  857   -1   -1   -1
 901   -26.746    43.993     0.000   72   -1   -1   -1
 902   -25.147    -0.990     0.000  745   -1   -1   -1
 903   -25.035    -7.875     0.000  867   -1   -1   -1
 904   -26.245    17.260     0.000  433   -1   -1   -1
 905   -27.095    30.743     0.000  252   -1   -1   -1
 906   -25.799    -6.477     0.000  849   -1   -1   -1
 907   -25.590   -12.360     0.000  942   -1   -1   -1
 908   -26.918    21.896     0.000  362   -1   -1   -1
 909   -26.379     2.615     0.000  684   -1   -1   -1
 910   -27.092    20.149     0.000  398   -1   -1   -1
 911   -26.265    -2.977     0.000  775   -1   -1   -1
 912   -27.039    15.512     0.000  471   -1   -1   -1
 913   -27.547    28.231     0.000  282   -1   -1   -1
 914   -26.586    -1.125     0.000  747   -1   -1   -1
 915   -26.101   -14.359     0.000  987   -1   -1   -1
 916   -27.183    10.657     0.000  551   -1   -1   -1
 917   -28.421    41.265     0.000  100   -1   -1   -1
 918   -28.226    32.774     0.000  223   -1   -1   -1
 919   -26.608   -11.879     0.000  933   -1   -1   -1
 920   -29.081    54.126     0.000    0   -1   -1   -1
 921   -28.465    35.440     0.000  178   -1   -1   -1
 922   -27.902    19.645     0.000  404   -1   -1   -1
 923   -28.098    23.543     0.000  340   -1   -1   -1
 924   -27.516     7.064     0.000  603   -1   -1   -1
 925   -26.493   -23.040     0.000 1119   -1   -1   -1
 926   -27.120    -8.804     0.000  886   -1   -1   -1
 927   -27.362    -3.642     0.000  791   -1   -1   -1
 928   -27.025   -12.655     0.000  947   -1   -1   -1
 929   -27.810     5.037     0.000  634   -1   -1   -1
 930   -27.151   -14.446     0.000  991   -1   -1   -1
 931   -27.567    -4.206     0.000  803   -1   -1   -1
 932   -29.549    46.832     0.000   46   -1   -1   -1
 933   -27.211   -17.557     0.000 1033   -1   -1   -1
 934   -28.352     9.160     0.000  571   -1   -1   -1
 935   -27.880   -11.114     0.000  924   -1   -1   -1
 936   -27.841   -14.029     0.000  976   -1   -1   -1
 937   -30.062    41.523     0.000   99   -1   -1   -1
 938   -27.880   -16.842     0.000 1026   -1   -1   -1
 939   -27.738   -21.759     0.000 1099   -1   -1   -1
 940   -29.293    15.590     0.000  468   -1   -1   -1
 941   -28.208   -13.984     0.000  975   -1   -1   -1
 942   -28.072   -20.393     0.000 1078   -1   -1   -1
 943   -28.720    -5.155     0.000  824   -1   -1   -1
 944   -27.970   -27.056     0.000 1178   -1   -1   -1
 945   -28.882    -8.208     0.000  871   -1   -1   -1
 946   -29.722     5.496     0.000  627   -1   -1   -1
 947   -29.000   -15.104     0.000  998   -1   -1   -1
 948   -29.382    -5.565     0.000  831   -1   -1   -1
 949   -29.842     2.594     0.000  681   -1   -1   -1
 950   -31.641    50.384     0.000   19   -1   -1   -1
 951   -29.994     3.260     0.000  668   -1   -1   -1
 952   -31.205    34.640     0.000  191   -1   -1   -1
 953   -29.774    -5.065     0.000  820   -1   -1   -1
 954   -31.091    29.010     0.000  274   -1   -1   -1
 955   -31.511    39.194     0.000  122   -1   -1   -1
 956   -30.778    16.988     0.000  438   -1   -1   -1
 957   -31.414    30.420     0.000  257   -1   -1   -1
 958   -30.323     1.256     0.000  704   -1   -1   -1
 959   -30.181    -4.337     0.000  806   -1   -1   -1
 960   -29.962   -13.161     0.000  960   -1   -1   -1
 961   -30.105   -10.276     0.000  909   -1   -1   -1
 962   -30.042   -13.340     0.000  964   -1   -1   -1
 963   -30.933     4.688     0.000  643   -1   -1   -1
 964   -32.514    43.516     0.000   76   -1   -1   -1
 965   -30.468   -17.904     0.000 1039   -1   -1   -1
 966   -31.284     1.341     0.000  702   -1   -1   -1
 967   -31.222    -4.327     0.000  805   -1   -1   -1
 968   -31.323    -2.880     0.000  770   -1   -1   -1
 969   -31.401    -5.854     0.000  834   -1   -1   -1
 970   -30.949   -19.876     0.000 1069   -1   -1   -1
 971   -32.377    15.623     0.000  465   -1   -1   -1
 972   -32.106     4.412     0.000  646   -1   -1   -1
 973   -31.939    -0.115     0.000  728   -1   -1   -1
 974   -33.739    39.476     0.000  117   -1   -1   -1
 975   -33.382    27.337     0.000  296   -1   -1   -1
 976   -33.676    32.952     0.000  219   -1   -1   -1
 977   -32.175    -9.798     0.000  897   -1   -1   -1
 978   -32.615    -3.287     0.000  779   -1   -1   -1
 979   -33.143     9.036     0.000  572   -1   -1   -1
 980   -33.500    11.586     0.000  529   -1   -1   -1
 981   -33.171     2.892     0.000  675   -1   -1   -1
 982   -34.328    28.340     0.000  281   -1   -1   -1
 983   -35.004    39.272     0.000  120   -1   -1   -1
 984   -33.102   -11.779     0.000  932   -1   -1   -1
 985   -34.444    16.697     0.000  448   -1   -1   -1
 986   -35.183    36.090     0.000  166   -1   -1   -1
 987   -33.672    -4.268     0.000  799   -1   -1   -1
 988   -33.768    -2.865     0.000  768   -1   -1   -1
 989   -35.473    37.189     0.000  150   -1   -1   -1
 990   -35.007    22.386     0.000  352   -1   -1   -1
 991   -33.195   -26.586     0.000 1172   -1   -1   -1
 992   -35.819    38.573     0.000  129   -1   -1   -1
 993   -35.742    35.476     0.000  174   -1   -1   -1
 994   -33.567   -22.580     0.000 1109   -1   -1   -1
 995   -35.934    32.881     0.000  221   -1   -1   -1
 996   -36.464    36.612     0.000  159   -1   -1   -1
 997   -36.947    44.388     0.000   68   -1   -1   -1
 998   -34.814   -12.627     0.000  943   -1   -1   -1
 999   -35.424    -9.196     0.000  888   -1   -1   -1
1000   -35.675    -2.850     0.000  767   -1   -1   -1
1001   -35.546    -6.845     0.000  853   -1   -1   -1
1002   -35.876     1.413     0.000  700   -1   -1   -1
1003   -34.911   -25.592     0.000 1152   -1   -1   -1
1004   -37.484    40.443     0.000  108   -1   -1   -1
1005   -35.504   -17.118     0.000 1027   -1   -1   -1
1006   -37.604    35.266     0.000  182   -1   -1   -1
1007   -36.968    17.176     0.000  432   -1   -1   -1
1008   -35.465   -21.919     0.000 1098   -1   -1   -1
1009   -37.535    30.271     0.000  259   -1   -1   -1
1010   -37.831    38.054     0.000  138   -1   -1   -1
1011   -35.645   -25.662     0.000 1153   -1   -1   -1
1012   -38.586    49.806     0.000   22   -1   -1   -1
1013   -36.919     5.700     0.000  619   -1   -1   -1
1014   -36.453   -11.411     0.000  925   -1   -1   -1
1015   -37.184     6.936     0.000  601   -1   -1   -1
1016   -38.503    37.101     0.000  152   -1   -1   -1
1017   -38.539    35.294     0.000  181   -1   -1   -1
1018   -38.159    24.083     0.000  336   -1   -1   -1
1019   -38.237    19.006     0.000  416   -1   -1   -1
1020   -38.870    34.153     0.000  200   -1   -1   -1
1021   -38.081    12.387     0.000  514   -1   -1   -1
1022   -37.320   -12.270     0.000  934   -1   -1   -1
1023   -38.450    14.867     0.000  483   -1   -1   -1
1024   -39.888    51.901     0.000   12   -1   -1   -1
1025   -37.930     0.412     0.000  717   -1   -1   -1
1026   -36.949   -25.513     0.000 1150   -1   -1   -1
1027   -39.384    35.637     0.000  171   -1   -1   -1
1028   -37.164   -21.639     0.000 1090   -1   -1   -1
1029   -39.659    42.503     0.000   87   -1   -1   -1
1030   -37.763   -13.182     0.000  955   -1   -1   -1
1031   -39.724    33.675     0.000  207   -1   -1   -1
1032   -38.194   -18.110     0.000 1036   -1   -1   -1
1033   -40.279    35.167     0.000  184   -1   -1   -1
1034   -38.747   -16.408     0.000 1014   -1   -1   -1
1035   -39.129    -8.831     0.000  880   -1   -1   -1
1036   -38.933   -18.654     0.000 1045   -1   -1   -1
1037   -41.557    46.962     0.000   44   -1   -1   -1
1038   -38.868   -23.229     0.000 1115   -1   -1   -1
1039   -40.389    14.804     0.000  484   -1   -1   -1
1040   -39.087   -20.937     0.000 1080   -1   -1   -1
1041   -41.856    49.829     0.000   21   -1   -1   -1
1042   -38.983   -25.726     0.000 1151   -1   -1   -1
1043   -40.186     3.943     0.000  653   -1   -1   -1
1044   -39.005   -28.821     0.000 1192   -1   -1   -1
1045   -39.589   -22.446     0.000 1104   -1   -1   -1
1046   -40.091   -10.426     0.000  908   -1   -1   -1
1047   -41.996    36.324     0.000  163   -1   -1   -1
1048   -41.241    14.041     0.000  493   -1   -1   -1
1049   -41.411    16.927     0.000  435   -1   -1   -1
1050   -41.087     8.076     0.000  585   -1   -1   -1
1051   -39.957   -24.079     0.000 1127   -1   -1   -1
1052   -42.571    42.151     0.000   91   -1   -1   -1
1053   -40.476   -23.968     0.000 1122   -1   -1   -1
1054   -43.710    53.246     0.000    2   -1   -1   -1
1055   -41.789     2.804     0.000  672   -1   -1   -1
1056   -41.209   -13.068     0.000  949   -1   -1   -1
1057   -40.679   -26.462     0.000 1165   -1   -1   -1
1058   -42.617    18.763     0.000  417   -1   -1   -1
1059   -42.048     1.591     0.000  694   -1   -1   -1
1060   -44.022    51.111     0.000   17   -1   -1   -1
1061   -41.029   -26.750     0.000 1170   -1   -1   -1
1062   -42.730    14.928     0.000  480   -1   -1   -1
1063   -40.950   -29.365     0.000 1201   -1   -1   -1
1064   -41.028   -30.357     0.000 1218   -1   -1   -1
1065   -43.422    27.253     0.000  295   -1   -1   -1
1066   -41.816   -17.350     0.000 1028   -1   -1   -1
1067   -41.871   -16.605     0.000 1017   -1   -1   -1
1068   -44.333    43.058     0.000   80   -1   -1   -1
1069   -43.709    24.532     0.000  333   -1   -1   -1
1070   -42.832   -13.790     0.000  967   -1   -1   -1
1071   -42.807   -18.932     0.000 1048   -1   -1   -1
1072   -45.226    38.974     0.000  123   -1   -1   -1
1073   -44.879    26.315     0.000  308   -1   -1   -1
1074   -45.857    33.322     0.000  211   -1   -1   -1
1075   -43.485   -27.690     0.000 1181   -1   -1   -1
1076   -43.838   -24.788     0.000 1133   -1   -1   -1
1077   -45.034    -0.059     0.000  724   -1   -1   -1
1078   -45.386     1.409     0.000  699   -1   -1   -1
1079   -44.723   -24.146     0.000 1123   -1   -1   -1
1080   -45.555    -6.695     0.000  843   -1   -1   -1
1081   -46.304     7.905     0.000  588   -1   -1   -1
1082   -44.842   -29.610     0.000 1202   -1   -1   -1
1083   -46.781    16.569     0.000  442   -1   -1   -1
1084   -45.764   -11.210     0.000  915   -1   -1   -1
1085   -46.625     5.777     0.000  614   -1   -1   -1
1086   -46.553     3.797     0.000  654   -1   -1   -1
1087   -45.424   -25.401     0.000 1145   -1   -1   -1
1088   -46.760     1.390     0.000  698   -1   -1   -1
1089   -49.292    52.931     0.000    4   -1   -1   -1
1090   -46.992   -30.316     0.000 1214   -1   -1   -1
1091   -48.784     7.712     0.000  591   -1   -1   -1
1092   -47.703   -19.589     0.000 1056   -1   -1   -1
1093   -47.428   -29.777     0.000 1204   -1   -1   -1
1094   -50.049    30.121     0.000  258   -1   -1   -1
1095   -49.607     9.183     0.000  564   -1   -1   -1
1096   -49.493     1.615     0.000  689   -1   -1   -1
1097   -49.265    -5.334     0.000  817   -1   -1   -1
1098   -48.695   -19.600     0.000 1055   -1   -1   -1
1099   -50.462    16.348     0.000  450   -1   -1   -1
1100   -49.623    -6.422     0.000  839   -1   -1   -1
1101   -50.067    -0.307     0.000  726   -1   -1   -1
1102   -49.052   -28.723     0.000 1188   -1   -1   -1
1103   -50.570     5.451     0.000  617   -1   -1   -1
1104   -50.049    -8.079     0.000  861   -1   -1   -1
1105   -49.798   -21.198     0.000 1079   -1   -1   -1
1106   -52.913    52.884     0.000    5   -1   -1   -1
1107   -51.384     8.184     0.000  582   -1   -1   -1
1108   -50.669   -11.070     0.000  911   -1   -1   -1
1109   -51.151    -3.920     0.000  784   -1   -1   -1
1110   -51.521     3.504     0.000  657   -1   -1   -1
1111   -50.658   -20.947     0.000 1077   -1   -1   -1
1112   -51.763     3.504     0.000  656   -1   -1   -1
1113   -52.367    16.588     0.000  439   -1   -1   -1
1114   -53.641    48.041     0.000   38   -1   -1   -1
1115   -50.866   -25.707     0.000 1148   -1   -1   -1
1116   -51.892    -8.104     0.000  860   -1   -1   -1
1117   -51.116   -29.551     0.000 1199   -1   -1   -1
1118   -53.342    20.517     0.000  385   -1   -1   -1
1119   -53.368    20.303     0.000  389   -1   -1   -1
1120   -54.064    30.641     0.000  249   -1   -1   -1
1121   -52.287   -19.900     0.000 1059   -1   -1   -1
1122   -54.261    22.513     0.000  347   -1   -1   -1
1123   -56.071    36.593     0.000  156   -1   -1   -1
1124   -56.071    25.574     0.000  310   -1   -1   -1
1125   -56.749    36.558     0.000  157   -1   -1   -1
1126   -56.068    17.905     0.000  422   -1   -1   -1
1127   -56.202    16.508     0.000  440   -1   -1   -1
1128   -56.465    20.522     0.000  383   -1   -1   -1
1129   -56.484    20.221     0.000  390   -1   -1   -1
1130   -56.496    19.734     0.000  397   -1   -1   -1
1131   -56.474    18.784     0.000  411   -1   -1   -1
1132   -54.561   -28.400     0.000 1185   -1   -1   -1
1133   -56.575    17.795     0.000  425   -1   -1   -1
1134   -56.607    16.580     0.000  437   -1   -1   -1
1135   -56.602    15.402     0.000  461   -1   -1   -1
1136   -56.601    14.701     0.000  478   -1   -1   -1
1137   -57.368    32.772     0.000  215   -1   -1   -1
1138   -58.066    49.617     0.000   24   -1   -1   -1
1139   -57.130    20.012     0.000  392   -1   -1   -1
1140   -57.542    29.571     0.000  266   -1   -1   -1
1141   -58.356    49.640     0.000   23   -1   -1   -1
1142   -57.194    17.434     0.000  428   -1   -1   -1
1143   -57.476    23.701     0.000  337   -1   -1   -1
1144   -58.396    41.583     0.000   93   -1   -1   -1
1145   -58.616    46.003     0.000   51   -1   -1   -1
1146   -55.658   -28.042     0.000 1179   -1   -1   -1
1147   -58.401    20.485     0.000  384   -1   -1   -1
1148   -59.382    31.526     0.000  234   -1   -1   -1
1149   -57.002   -25.874     0.000 1146   -1   -1   -1
1150   -59.794    38.266     0.000  130   -1   -1   -1
1151   -57.092   -27.053     0.000 1167   -1   -1   -1
1152   -59.811    37.591     0.000  140   -1   -1   -1
1153   -59.703    34.003     0.000  196   -1   -1   -1
1154   -57.479   -22.833     0.000 1100   -1   -1   -1
1155   -58.906     5.802     0.000  609   -1   -1   -1
1156   -60.236    36.649     0.000  154   -1   -1   -1
1157   -59.738    23.925     0.000  335   -1   -1   -1
1158   -57.665   -24.968     0.000 1130   -1   -1   -1
1159   -58.044   -18.109     0.000 1031   -1   -1   -1
1160   -57.709   -26.119     0.000 1149   -1   -1   -1
1161   -57.580   -30.073     0.000 1203   -1   -1   -1
1162   -57.720   -27.094     0.000 1168   -1   -1   -1
1163   -60.128    29.455     0.000  268   -1   -1   -1
1164   -59.801    19.228     0.000  403   -1   -1   -1
1165   -60.231    29.682     0.000  264   -1   -1   -1
1166   -58.628   -11.634     0.000  918   -1   -1   -1
1167   -61.284    44.906     0.000   59   -1   -1   -1
1168   -59.619     3.722     0.000  649   -1   -1   -1
1169   -58.588   -22.518     0.000 1097   -1   -1   -1
1170   -59.142   -10.827     0.000  904   -1   -1   -1
1171   -61.009    32.164     0.000  225   -1   -1   -1
1172   -60.480    18.664     0.000  414   -1   -1   -1
1173   -59.166   -13.761     0.000  954   -1   -1   -1
1174   -60.252     5.283     0.000  616   -1   -1   -1
1175   -59.509   -14.103     0.000  961   -1   -1   -1
1176   -59.544   -13.720     0.000  951   -1   -1   -1
1177   -60.353     3.460     0.000  655   -1   -1   -1
1178   -62.432    43.486     0.000   74   -1   -1   -1
1179   -60.332    -7.414     0.000  850   -1   -1   -1
1180   -60.055   -16.249     0.000 1005   -1   -1   -1
1181   -61.017     5.349     0.000  615   -1   -1   -1
1182   -61.887    25.080     0.000  317   -1   -1   -1
1183   -60.461    -9.390     0.000  877   -1   -1   -1
1184   -60.310   -12.996     0.000  936   -1   -1   -1
1185   -62.965    46.393     0.000   49   -1   -1   -1
1186   -61.049    -1.414     0.000  737   -1   -1   -1
1187   -62.045    18.266     0.000  418   -1   -1   -1
1188   -61.761    10.395     0.000  541   -1   -1   -1
1189   -62.779    34.142     0.000  192   -1   -1   -1
1190   -60.668   -16.528     0.000 1009   -1   -1   -1
1191   -60.966   -12.493     0.000  930   -1   -1   -1
1192   -61.858     7.626     0.000  587   -1   -1   -1
1193   -62.882    30.896     0.000  240   -1   -1   -1
1194   -63.289    35.529     0.000  169   -1   -1   -1
1195   -63.403    33.913     0.000  198   -1   -1   -1
1196   -64.079    39.251     0.000  116   -1   -1   -1
1197   -63.738    27.617     0.000  283   -1   -1   -1
1198   -64.098    35.218     0.000  173   -1   -1   -1
1199   -63.168    10.655     0.000  537   -1   -1   -1
1200   -64.775    49.289     0.000   27   -1   -1   -1
1201   -63.280    12.476     0.000  506   -1   -1   -1
1202   -64.480    40.657     0.000  103   -1   -1   -1
1203   -63.073     4.859     0.000  625   -1   -1   -1
1204   -62.932    -2.339     0.000  752   -1   -1   -1
1205   -62.176   -22.219     0.000 1088   -1   -1   -1
1206   -64.170    18.693     0.000  409   -1   -1   -1
1207   -63.947    13.089     0.000  500   -1   -1   -1
1208   -62.472   -25.768     0.000 1143   -1   -1   -1
1209   -64.772    27.386     0.000  288   -1   -1   -1
1210   -62.944   -15.813     0.000  993   -1   -1   -1
1211   -62.445   -28.371     0.000 1182   -1   -1   -1
1212   -63.496    -7.633     0.000  854   -1   -1   -1
1213   -65.104    20.914     0.000  370   -1   -1   -1
1214   -63.379   -21.023     0.000 1071   -1   -1   -1
1215   -63.318   -25.553     0.000 1136   -1   -1   -1
1216   -64.899     9.317     0.000  559   -1   -1   -1
1217   -64.653     3.188     0.000  658   -1   -1   -1
1218   -64.832     7.337     0.000  594   -1   -1   -1
1219   -66.619    49.004     0.000   28   -1   -1   -1
1220   -65.590    21.403     0.000  359   -1   -1   -1
1221   -66.001    30.819     0.000  242   -1   -1   -1
1222   -65.131     8.838     0.000  566   -1   -1   -1
1223   -66.373    37.957     0.000  134   -1   -1   -1
1224   -64.095   -21.932     0.000 1084   -1   -1   -1
1225   -65.036    -2.551     0.000  756   -1   -1   -1
1226   -65.006    -5.122     0.000  800   -1   -1   -1
1227   -65.993    14.388     0.000  482   -1   -1   -1
1228   -66.506    26.557     0.000  300   -1   -1   -1
1229   -64.833   -12.564     0.000  929   -1   -1   -1
1230   -64.545   -19.479     0.000 1047   -1   -1   -1
1231   -66.793    31.841     0.000  227   -1   -1   -1
1232   -66.942    34.848     0.000  185   -1   -1   -1
1233   -64.677   -18.111     0.000 1029   -1   -1   -1
1234   -65.524    -0.597     0.000  725   -1   -1   -1
1235   -64.745   -20.700     0.000 1067   -1   -1   -1
1236   -66.162    10.387     0.000  540   -1   -1   -1
1237   -66.813    22.479     0.000  344   -1   -1   -1
1238   -65.434   -11.535     0.000  912   -1   -1   -1
1239   -65.829    -6.484     0.000  830   -1   -1   -1
1240   -66.793    13.295     0.000  498   -1   -1   -1
1241   -66.701    10.879     0.000  532   -1   -1   -1
1242   -66.666     6.707     0.000  598   -1   -1   -1
1243   -65.474   -21.964     0.000 1083   -1   -1   -1
1244   -66.691     4.062     0.000  638   -1   -1   -1
1245   -66.084   -11.889     0.000  920   -1   -1   -1
1246   -67.167     8.512     0.000  568   -1   -1   -1
1247   -66.424   -13.969     0.000  953   -1   -1   -1
1248   -67.088    -2.522     0.000  754   -1   -1   -1
1249   -67.010    -9.412     0.000  874   -1   -1   -1
1250   -66.628   -21.913     0.000 1081   -1   -1   -1
1251   -67.207   -10.784     0.000  899   -1   -1   -1
1252   -67.120   -19.200     0.000 1040   -1   -1   -1
