1202
   1    51.133    43.221     0.000   86   -1   -1   -1
   2    50.798    31.846     0.000  228   -1   -1   -1
   3    51.088    19.497     0.000  395   -1   -1   -1
   4    49.903    43.604     0.000   81   -1   -1   -1
   5    49.935    40.792     0.000  111   -1   -1   -1
   6    50.043    34.917     0.000  182   -1   -1   -1
   7    50.653     3.022     0.000  664   -1   -1   -1
   8    49.947    28.659     0.000  270   -1   -1   -1
   9    49.446    41.376     0.000  105   -1   -1   -1
  10    50.045    13.310     0.000  496   -1   -1   -1
  11    50.143     7.071     0.000  593   -1   -1   -1
  12    49.903    14.882     0.000  470   -1   -1   -1
  13    49.639     9.203     0.000  566   -1   -1   -1
  14    50.287   -15.995     0.000  997   -1   -1   -1
  15    49.929    -2.734     0.000  773   -1   -1   -1
  16    49.652     4.593     0.000  638   -1   -1   -1
  17    48.333    50.619     0.000   19   -1   -1   -1
  18    50.033   -17.643     0.000 1023   -1   -1   -1
  19    49.503    -1.817     0.000  748   -1   -1   -1
  20    49.728   -13.929     0.000  970   -1   -1   -1
  21    49.416    -7.214     0.000  862   -1   -1   -1
  22    48.007    37.876     0.000  140   -1   -1   -1
  23    48.198    22.592     0.000  350   -1   -1   -1
  24    47.701    30.758     0.000  245   -1   -1   -1
  25    48.743   -12.857     0.000  946   -1   -1   -1
  26    48.027    12.859     0.000  499   -1   -1   -1
  27    47.061    43.808     0.000   77   -1   -1   -1
  28    47.418    25.895     0.000  304   -1   -1   -1
  29    48.362   -10.936     0.000  917   -1   -1   -1
  30    46.901    33.437     0.000  205   -1   -1   -1
  31    46.688    41.110     0.000  109   -1   -1   -1
  32    48.092   -19.459     0.000 1052   -1   -1   -1
  33    46.551    25.681     0.000  309   -1   -1   -1
  34    47.723   -23.650     0.000 1115   -1   -1   -1
  35    47.063    -3.625     0.000  794   -1   -1   -1
  36    46.932    -4.481     0.000  810   -1   -1   -1
  37    46.400     8.367     0.000  575   -1   -1   -1
  38    45.948    19.756     0.000  391   -1   -1   -1
  39    45.839    15.406     0.000  461   -1   -1   -1
  40    45.745    10.163     0.000  549   -1   -1   -1
  41    44.879    31.732     0.000  229   -1   -1   -1
  42    45.873   -10.276     0.000  904   -1   -1   -1
  43    45.191    11.276     0.000  526   -1   -1   -1
  44    45.678    -7.573     0.000  864   -1   -1   -1
  45    44.990     9.334     0.000  563   -1   -1   -1
  46    44.709    11.254     0.000  527   -1   -1   -1
  47    45.328   -14.238     0.000  974   -1   -1   -1
  48    43.998    26.155     0.000  298   -1   -1   -1
  49    43.549    40.517     0.000  112   -1   -1   -1
  50    44.892    -9.005     0.000  886   -1   -1   -1
  51    43.832    28.079     0.000  275   -1   -1   -1
  52    44.517     0.748     0.000  708   -1   -1   -1
  53    43.838    23.975     0.000  320   -1   -1   -1
  54    43.470    31.627     0.000  231   -1   -1   -1
  55    42.863    44.794     0.000   68   -1   -1   -1
  56    42.929    38.466     0.000  133   -1   -1   -1
  57    44.202   -16.797     0.000 1004   -1   -1   -1
  58    43.293    15.965     0.000  456   -1   -1   -1
  59    42.478    25.779     0.000  307   -1   -1   -1
  60    42.900     6.353     0.000  602   -1   -1   -1
  61    41.587    52.868     0.000    7   -1   -1   -1
  62    41.565    48.809     0.000   34   -1   -1   -1
  63    42.979   -12.623     0.000  940   -1   -1   -1
  64    40.945    52.433     0.000    8   -1   -1   -1
  65    40.877    50.465     0.000   20   -1   -1   -1
  66    40.778    53.106     0.000    4   -1   -1   -1
  67    40.748    48.690     0.000   37   -1   -1   -1
  68    40.728    45.428     0.000   59   -1   -1   -1
  69    40.495    40.243     0.000  116   -1   -1   -1
  70    40.954    20.076     0.000  388   -1   -1   -1
  71    40.078    48.758     0.000   36   -1   -1   -1
  72    40.405    35.982     0.000  166   -1   -1   -1
  73    40.275    34.394     0.000  191   -1   -1   -1
  74    39.699    48.161     0.000   41   -1   -1   -1
  75    40.150     6.321     0.000  601   -1   -1   -1
  76    39.723    16.268     0.000  453   -1   -1   -1
  77    39.666    17.403     0.000  426   -1   -1   -1
  78    40.839   -24.155     0.000 1119   -1   -1   -1
  79    39.608    18.475     0.000  407   -1   -1   -1
  80    39.705    12.573     0.000  504   -1   -1   -1
  81    39.409    22.537     0.000  349   -1   -1   -1
  82    39.528    15.640     0.000  459   -1   -1   -1
  83    40.483   -22.374     0.000 1093   -1   -1   -1
  84    39.497    11.736     0.000  519   -1   -1   -1
  85    39.389    13.572     0.000  487   -1   -1   -1
  86    39.356    14.037     0.000  479   -1   -1   -1
  87    39.441    10.298     0.000  545   -1   -1   -1
  88    39.397    10.782     0.000  540   -1   -1   -1
  89    39.790    -4.365     0.000  802   -1   -1   -1
  90    39.376     8.186     0.000  576   -1   -1   -1
  91    38.061    53.085     0.000    6   -1   -1   -1
  92    39.211     6.086     0.000  609   -1   -1   -1
  93    39.171     2.785     0.000  663   -1   -1   -1
  94    39.152     2.012     0.000  683   -1   -1   -1
  95    38.573    22.550     0.000  348   -1   -1   -1
  96    39.117     2.362     0.000  677   -1   -1   -1
  97    39.087     3.229     0.000  657   -1   -1   -1
  98    39.000     1.257     0.000  694   -1   -1   -1
  99    38.391    21.102     0.000  370   -1   -1   -1
 100    39.039    -2.565     0.000  762   -1   -1   -1
 101    39.020    -2.325     0.000  757   -1   -1   -1
 102    38.883    -0.505     0.000  723   -1   -1   -1
 103    38.898    -3.086     0.000  776   -1   -1   -1
 104    37.368    48.466     0.000   40   -1   -1   -1
 105    38.488     6.372     0.000  597   -1   -1   -1
 106    38.701    -6.963     0.000  850   -1   -1   -1
 107    38.143    11.414     0.000  522   -1   -1   -1
 108    38.646    -7.553     0.000  863   -1   -1   -1
 109    36.923    52.019     0.000   12   -1   -1   -1
 110    38.653   -12.003     0.000  932   -1   -1   -1
 111    37.489    25.877     0.000  301   -1   -1   -1
 112    38.507   -11.681     0.000  925   -1   -1   -1
 113    38.423   -15.667     0.000  988   -1   -1   -1
 114    38.223   -17.769     0.000 1019   -1   -1   -1
 115    37.317    11.426     0.000  521   -1   -1   -1
 116    38.000   -14.207     0.000  968   -1   -1   -1
 117    36.641    27.818     0.000  279   -1   -1   -1
 118    38.137   -29.914     0.000 1200   -1   -1   -1
 119    35.581    34.559     0.000  188   -1   -1   -1
 120    34.990    52.122     0.000   10   -1   -1   -1
 121    35.814    21.936     0.000  357   -1   -1   -1
 122    34.908    51.177     0.000   17   -1   -1   -1
 123    35.393    25.842     0.000  302   -1   -1   -1
 124    35.849    -3.045     0.000  771   -1   -1   -1
 125    34.825    16.844     0.000  436   -1   -1   -1
 126    34.421    20.184     0.000  384   -1   -1   -1
 127    33.800    32.134     0.000  222   -1   -1   -1
 128    34.810    -7.408     0.000  856   -1   -1   -1
 129    34.776   -22.462     0.000 1090   -1   -1   -1
 130    33.981    -0.862     0.000  726   -1   -1   -1
 131    33.955    -1.823     0.000  738   -1   -1   -1
 132    34.232   -22.569     0.000 1091   -1   -1   -1
 133    34.262   -25.088     0.000 1128   -1   -1   -1
 134    33.611    -3.385     0.000  781   -1   -1   -1
 135    32.004    39.599     0.000  120   -1   -1   -1
 136    33.552   -27.418     0.000 1161   -1   -1   -1
 137    32.903    -7.377     0.000  854   -1   -1   -1
 138    32.693    -3.242     0.000  777   -1   -1   -1
 139    33.426   -28.568     0.000 1184   -1   -1   -1
 140    31.271    31.129     0.000  237   -1   -1   -1
 141    32.921   -26.029     0.000 1136   -1   -1   -1
 142    32.894   -26.707     0.000 1147   -1   -1   -1
 143    30.917    37.083     0.000  152   -1   -1   -1
 144    32.761   -31.228     0.000 1201   -1   -1   -1
 145    32.401   -25.085     0.000 1125   -1   -1   -1
 146    32.140   -26.652     0.000 1146   -1   -1   -1
 147    30.442    30.555     0.000  248   -1   -1   -1
 148    30.432    22.526     0.000  342   -1   -1   -1
 149    28.898    46.804     0.000   49   -1   -1   -1
 150    29.039    40.195     0.000  115   -1   -1   -1
 151    30.337   -14.404     0.000  966   -1   -1   -1
 152    28.719    37.383     0.000  145   -1   -1   -1
 153    30.169   -18.033     0.000 1021   -1   -1   -1
 154    29.860   -12.846     0.000  938   -1   -1   -1
 155    28.978    10.944     0.000  529   -1   -1   -1
 156    28.682    13.573     0.000  485   -1   -1   -1
 157    27.861    37.588     0.000  142   -1   -1   -1
 158    29.241   -11.295     0.000  915   -1   -1   -1
 159    29.679   -25.837     0.000 1133   -1   -1   -1
 160    29.065    -6.073     0.000  828   -1   -1   -1
 161    27.522    45.086     0.000   66   -1   -1   -1
 162    28.189    20.898     0.000  371   -1   -1   -1
 163    28.114    22.953     0.000  334   -1   -1   -1
 164    27.748    12.520     0.000  498   -1   -1   -1
 165    28.900   -27.516     0.000 1160   -1   -1   -1
 166    26.682    34.665     0.000  185   -1   -1   -1
 167    28.474   -26.640     0.000 1144   -1   -1   -1
 168    25.982    49.289     0.000   32   -1   -1   -1
 169    26.845    18.625     0.000  403   -1   -1   -1
 170    26.814     5.182     0.000  627   -1   -1   -1
 171    26.371    19.783     0.000  389   -1   -1   -1
 172    26.867     2.182     0.000  675   -1   -1   -1
 173    27.479   -26.368     0.000 1137   -1   -1   -1
 174    24.997    51.848     0.000   13   -1   -1   -1
 175    27.309   -28.621     0.000 1178   -1   -1   -1
 176    26.334     2.168     0.000  676   -1   -1   -1
 177    27.079   -29.882     0.000 1199   -1   -1   -1
 178    26.341    -6.022     0.000  823   -1   -1   -1
 179    26.322    -6.819     0.000  838   -1   -1   -1
 180    25.602    16.061     0.000  452   -1   -1   -1
 181    26.358   -10.050     0.000  896   -1   -1   -1
 182    26.598   -22.409     0.000 1085   -1   -1   -1
 183    25.933    -0.810     0.000  722   -1   -1   -1
 184    26.031    -6.565     0.000  833   -1   -1   -1
 185    24.662    36.720     0.000  156   -1   -1   -1
 186    25.401    10.625     0.000  539   -1   -1   -1
 187    26.106   -27.545     0.000 1158   -1   -1   -1
 188    25.702   -14.612     0.000  969   -1   -1   -1
 189    25.474    -7.521     0.000  852   -1   -1   -1
 190    25.907   -24.157     0.000 1108   -1   -1   -1
 191    25.364   -14.229     0.000  959   -1   -1   -1
 192    23.585    45.177     0.000   65   -1   -1   -1
 193    25.334   -15.773     0.000  985   -1   -1   -1
 194    23.936    27.884     0.000  274   -1   -1   -1
 195    24.152    15.820     0.000  455   -1   -1   -1
 196    23.905    20.730     0.000  373   -1   -1   -1
 197    24.526    -3.211     0.000  769   -1   -1   -1
 198    24.641    -7.802     0.000  861   -1   -1   -1
 199    24.723   -12.329     0.000  931   -1   -1   -1
 200    24.958   -21.211     0.000 1066   -1   -1   -1
 201    23.507    25.225     0.000  312   -1   -1   -1
 202    24.085     2.374     0.000  666   -1   -1   -1
 203    24.305    -4.858     0.000  805   -1   -1   -1
 204    25.006   -28.639     0.000 1176   -1   -1   -1
 205    22.528    41.131     0.000  108   -1   -1   -1
 206    24.294   -22.357     0.000 1079   -1   -1   -1
 207    23.064    16.266     0.000  444   -1   -1   -1
 208    24.098   -20.482     0.000 1056   -1   -1   -1
 209    23.513    -2.628     0.000  756   -1   -1   -1
 210    23.143     7.245     0.000  578   -1   -1   -1
 211    23.878   -16.951     0.000 1001   -1   -1   -1
 212    21.889    48.515     0.000   39   -1   -1   -1
 213    22.206    32.405     0.000  216   -1   -1   -1
 214    22.331    26.540     0.000  284   -1   -1   -1
 215    22.893     3.281     0.000  649   -1   -1   -1
 216    21.592    45.169     0.000   64   -1   -1   -1
 217    23.534   -19.220     0.000 1036   -1   -1   -1
 218    22.499    10.176     0.000  544   -1   -1   -1
 219    23.699   -28.706     0.000 1177   -1   -1   -1
 220    22.762    -1.812     0.000  731   -1   -1   -1
 221    22.950    -8.572     0.000  871   -1   -1   -1
 222    22.903    -7.242     0.000  847   -1   -1   -1
 223    22.250     9.331     0.000  555   -1   -1   -1
 224    22.254     8.430     0.000  568   -1   -1   -1
 225    22.495     0.289     0.000  706   -1   -1   -1
 226    23.266   -28.583     0.000 1174   -1   -1   -1
 227    22.323    -3.972     0.000  785   -1   -1   -1
 228    22.275    -3.124     0.000  764   -1   -1   -1
 229    22.475   -12.075     0.000  922   -1   -1   -1
 230    20.574    46.006     0.000   53   -1   -1   -1
 231    21.822     2.235     0.000  669   -1   -1   -1
 232    22.127   -10.810     0.000  903   -1   -1   -1
 233    22.069    -9.888     0.000  889   -1   -1   -1
 234    22.205   -21.315     0.000 1067   -1   -1   -1
 235    21.461     1.100     0.000  690   -1   -1   -1
 236    21.537    -1.477     0.000  728   -1   -1   -1
 237    20.937    16.313     0.000  440   -1   -1   -1
 238    20.325    32.661     0.000  211   -1   -1   -1
 239    21.285     0.359     0.000  703   -1   -1   -1
 240    20.802    14.967     0.000  462   -1   -1   -1
 241    21.390    -4.838     0.000  803   -1   -1   -1
 242    20.079    33.780     0.000  193   -1   -1   -1
 243    21.865   -26.831     0.000 1141   -1   -1   -1
 244    20.067    23.255     0.000  327   -1   -1   -1
 245    21.006    -8.420     0.000  868   -1   -1   -1
 246    19.812    28.848     0.000  264   -1   -1   -1
 247    21.234   -17.860     0.000 1014   -1   -1   -1
 248    21.391   -27.511     0.000 1153   -1   -1   -1
 249    20.836   -11.784     0.000  920   -1   -1   -1
 250    21.398   -29.665     0.000 1194   -1   -1   -1
 251    19.750    22.307     0.000  345   -1   -1   -1
 252    20.391    -2.504     0.000  747   -1   -1   -1
 253    19.169    35.341     0.000  176   -1   -1   -1
 254    18.705    49.951     0.000   25   -1   -1   -1
 255    21.058   -28.774     0.000 1175   -1   -1   -1
 256    19.514    15.176     0.000  460   -1   -1   -1
 257    18.360    51.377     0.000   15   -1   -1   -1
 258    19.395     9.448     0.000  553   -1   -1   -1
 259    19.598     0.382     0.000  701   -1   -1   -1
 260    18.458    30.238     0.000  250   -1   -1   -1
 261    19.068     4.865     0.000  629   -1   -1   -1
 262    17.894    41.159     0.000  106   -1   -1   -1
 263    19.762   -20.157     0.000 1050   -1   -1   -1
 264    18.150    29.978     0.000  252   -1   -1   -1
 265    18.250    26.122     0.000  293   -1   -1   -1
 266    19.707   -20.960     0.000 1061   -1   -1   -1
 267    19.518   -15.231     0.000  978   -1   -1   -1
 268    18.947    -2.185     0.000  737   -1   -1   -1
 269    17.732    30.547     0.000  242   -1   -1   -1
 270    19.103   -14.523     0.000  962   -1   -1   -1
 271    19.301   -26.790     0.000 1138   -1   -1   -1
 272    17.334    36.140     0.000  163   -1   -1   -1
 273    17.099    34.908     0.000  178   -1   -1   -1
 274    18.645   -14.955     0.000  971   -1   -1   -1
 275    18.884   -22.811     0.000 1087   -1   -1   -1
 276    19.060   -28.573     0.000 1171   -1   -1   -1
 277    17.734    12.974     0.000  492   -1   -1   -1
 278    16.822    39.452     0.000  121   -1   -1   -1
 279    18.058    -1.230     0.000  725   -1   -1   -1
 280    17.201    25.590     0.000  303   -1   -1   -1
 281    18.460   -15.043     0.000  975   -1   -1   -1
 282    18.312   -11.174     0.000  906   -1   -1   -1
 283    18.490   -17.955     0.000 1015   -1   -1   -1
 284    18.771   -26.866     0.000 1139   -1   -1   -1
 285    17.230    21.671     0.000  356   -1   -1   -1
 286    17.894    -2.609     0.000  750   -1   -1   -1
 287    17.730     0.820     0.000  692   -1   -1   -1
 288    16.765    31.280     0.000  232   -1   -1   -1
 289    16.869    27.686     0.000  278   -1   -1   -1
 290    16.539    38.548     0.000  130   -1   -1   -1
 291    17.844   -14.794     0.000  967   -1   -1   -1
 292    18.237   -28.719     0.000 1173   -1   -1   -1
 293    16.858    11.605     0.000  515   -1   -1   -1
 294    17.040     0.084     0.000  709   -1   -1   -1
 295    16.777    -6.340     0.000  827   -1   -1   -1
 296    17.220   -22.029     0.000 1073   -1   -1   -1
 297    16.151    10.948     0.000  524   -1   -1   -1
 298    15.570    26.308     0.000  285   -1   -1   -1
 299    17.108   -22.632     0.000 1083   -1   -1   -1
 300    17.292   -29.831     0.000 1195   -1   -1   -1
 301    16.266     1.060     0.000  688   -1   -1   -1
 302    16.971   -21.078     0.000 1063   -1   -1   -1
 303    17.125   -27.010     0.000 1142   -1   -1   -1
 304    15.504    23.338     0.000  324   -1   -1   -1
 305    14.928    37.397     0.000  144   -1   -1   -1
 306    15.049    31.807     0.000  224   -1   -1   -1
 307    14.324    54.237     0.000    0   -1   -1   -1
 308    16.319   -12.816     0.000  934   -1   -1   -1
 309    15.620     9.152     0.000  557   -1   -1   -1
 310    14.990    28.569     0.000  267   -1   -1   -1
 311    14.256    52.021     0.000   11   -1   -1   -1
 312    15.509    10.561     0.000  535   -1   -1   -1
 313    15.648     3.364     0.000  647   -1   -1   -1
 314    16.248   -15.490     0.000  979   -1   -1   -1
 315    16.602   -26.989     0.000 1140   -1   -1   -1
 316    14.469    40.672     0.000  110   -1   -1   -1
 317    14.325    45.202     0.000   63   -1   -1   -1
 318    15.135    17.732     0.000  413   -1   -1   -1
 319    15.129    15.297     0.000  457   -1   -1   -1
 320    14.079    49.499     0.000   27   -1   -1   -1
 321    15.377     5.882     0.000  598   -1   -1   -1
 322    15.065    10.171     0.000  542   -1   -1   -1
 323    16.008   -19.653     0.000 1038   -1   -1   -1
 324    13.859    44.353     0.000   70   -1   -1   -1
 325    15.345    -5.212     0.000  807   -1   -1   -1
 326    15.968   -25.088     0.000 1120   -1   -1   -1
 327    13.753    41.123     0.000  107   -1   -1   -1
 328    14.078    26.184     0.000  288   -1   -1   -1
 329    14.228    19.021     0.000  393   -1   -1   -1
 330    14.951    -7.430     0.000  846   -1   -1   -1
 331    14.278    10.670     0.000  528   -1   -1   -1
 332    15.247   -19.947     0.000 1045   -1   -1   -1
 333    13.870    22.487     0.000  340   -1   -1   -1
 334    14.827    -8.652     0.000  869   -1   -1   -1
 335    13.583    30.389     0.000  246   -1   -1   -1
 336    15.201   -22.670     0.000 1082   -1   -1   -1
 337    14.460    -1.961     0.000  730   -1   -1   -1
 338    15.300   -28.601     0.000 1170   -1   -1   -1
 339    14.691   -11.515     0.000  909   -1   -1   -1
 340    14.763   -13.978     0.000  951   -1   -1   -1
 341    13.812    12.947     0.000  491   -1   -1   -1
 342    13.667    16.212     0.000  439   -1   -1   -1
 343    14.878   -24.602     0.000 1110   -1   -1   -1
 344    14.159    -2.543     0.000  744   -1   -1   -1
 345    14.265    -6.706     0.000  831   -1   -1   -1
 346    13.050    27.340     0.000  280   -1   -1   -1
 347    12.678    36.547     0.000  157   -1   -1   -1
 348    13.584     6.349     0.000  592   -1   -1   -1
 349    13.114    16.807     0.000  429   -1   -1   -1
 350    12.668    30.458     0.000  243   -1   -1   -1
 351    13.455     4.863     0.000  628   -1   -1   -1
 352    12.229    37.053     0.000  150   -1   -1   -1
 353    14.230   -29.695     0.000 1192   -1   -1   -1
 354    12.512    20.610     0.000  372   -1   -1   -1
 355    11.597    45.627     0.000   55   -1   -1   -1
 356    13.335   -10.311     0.000  893   -1   -1   -1
 357    11.539    42.003     0.000   97   -1   -1   -1
 358    12.512     5.176     0.000  616   -1   -1   -1
 359    11.274    44.119     0.000   73   -1   -1   -1
 360    12.830    -7.747     0.000  851   -1   -1   -1
 361    13.514   -29.775     0.000 1193   -1   -1   -1
 362    11.702    26.045     0.000  292   -1   -1   -1
 363    11.026    46.757     0.000   48   -1   -1   -1
 364    12.336     3.004     0.000  650   -1   -1   -1
 365    10.859    49.412     0.000   30   -1   -1   -1
 366    10.927    44.575     0.000   69   -1   -1   -1
 367    12.968   -21.595     0.000 1065   -1   -1   -1
 368    11.842    11.439     0.000  517   -1   -1   -1
 369    12.290    -3.438     0.000  767   -1   -1   -1
 370    10.722    45.183     0.000   62   -1   -1   -1
 371    11.495    20.187     0.000  380   -1   -1   -1
 372    11.829     9.486     0.000  550   -1   -1   -1
 373    12.056     1.663     0.000  680   -1   -1   -1
 374    10.706    41.949     0.000   98   -1   -1   -1
 375    11.290    21.673     0.000  352   -1   -1   -1
 376    11.229    22.740     0.000  333   -1   -1   -1
 377    11.466    12.108     0.000  503   -1   -1   -1
 378    11.811     0.657     0.000  693   -1   -1   -1
 379    10.857    29.709     0.000  257   -1   -1   -1
 380    11.683     2.895     0.000  653   -1   -1   -1
 381    10.551    37.036     0.000  151   -1   -1   -1
 382    11.900    -7.176     0.000  837   -1   -1   -1
 383    10.950    21.292     0.000  360   -1   -1   -1
 384    10.734    28.061     0.000  271   -1   -1   -1
 385    12.023   -14.044     0.000  950   -1   -1   -1
 386    11.122    13.262     0.000  484   -1   -1   -1
 387    11.927   -13.231     0.000  936   -1   -1   -1
 388    11.268     5.683     0.000  603   -1   -1   -1
 389    10.954    10.507     0.000  531   -1   -1   -1
 390    10.986     7.973     0.000  571   -1   -1   -1
 391    11.588   -11.573     0.000  908   -1   -1   -1
 392     9.993    34.270     0.000  189   -1   -1   -1
 393    10.404    19.696     0.000  387   -1   -1   -1
 394    10.583    13.308     0.000  481   -1   -1   -1
 395    10.944     0.488     0.000  696   -1   -1   -1
 396    10.412    16.056     0.000  443   -1   -1   -1
 397    10.805    -2.309     0.000  736   -1   -1   -1
 398    10.596     0.389     0.000  698   -1   -1   -1
 399    11.507   -28.528     0.000 1167   -1   -1   -1
 400    11.499   -29.704     0.000 1191   -1   -1   -1
 401     9.015    42.875     0.000   89   -1   -1   -1
 402    10.431    -2.943     0.000  754   -1   -1   -1
 403    10.128     5.842     0.000  595   -1   -1   -1
 404    11.102   -24.946     0.000 1116   -1   -1   -1
 405     9.226    32.158     0.000  219   -1   -1   -1
 406     9.953     7.739     0.000  572   -1   -1   -1
 407    10.385   -14.075     0.000  949   -1   -1   -1
 408     8.832    33.390     0.000  201   -1   -1   -1
 409     8.771    34.466     0.000  187   -1   -1   -1
 410     8.489    43.171     0.000   83   -1   -1   -1
 411     9.679     5.182     0.000  615   -1   -1   -1
 412    10.188   -17.331     0.000 1000   -1   -1   -1
 413     9.544     0.428     0.000  697   -1   -1   -1
 414     9.620    -3.172     0.000  760   -1   -1   -1
 415     8.809    21.011     0.000  365   -1   -1   -1
 416    10.168   -20.943     0.000 1057   -1   -1   -1
 417     9.595    -4.752     0.000  798   -1   -1   -1
 418     8.765    16.057     0.000  441   -1   -1   -1
 419     8.939     3.815     0.000  637   -1   -1   -1
 420     8.483    16.591     0.000  432   -1   -1   -1
 421     8.395    18.808     0.000  398   -1   -1   -1
 422     8.717     5.491     0.000  606   -1   -1   -1
 423     8.808     2.022     0.000  667   -1   -1   -1
 424     9.472   -18.991     0.000 1024   -1   -1   -1
 425     7.550    27.902     0.000  272   -1   -1   -1
 426     7.549    25.378     0.000  305   -1   -1   -1
 427     8.578    -7.687     0.000  848   -1   -1   -1
 428     7.298    30.162     0.000  249   -1   -1   -1
 429     7.746    13.206     0.000  483   -1   -1   -1
 430     7.729    11.850     0.000  506   -1   -1   -1
 431     9.046   -28.404     0.000 1165   -1   -1   -1
 432     6.850    36.616     0.000  154   -1   -1   -1
 433     7.958    -2.615     0.000  743   -1   -1   -1
 434     8.804   -29.537     0.000 1187   -1   -1   -1
 435     6.375    41.716     0.000   99   -1   -1   -1
 436     6.913    22.559     0.000  337   -1   -1   -1
 437     6.841    20.765     0.000  367   -1   -1   -1
 438     6.940    13.096     0.000  486   -1   -1   -1
 439     6.259    33.592     0.000  194   -1   -1   -1
 440     8.067   -21.780     0.000 1068   -1   -1   -1
 441     8.254   -28.132     0.000 1157   -1   -1   -1
 442     5.876    43.421     0.000   80   -1   -1   -1
 443     7.390    -3.930     0.000  778   -1   -1   -1
 444     6.720    13.602     0.000  476   -1   -1   -1
 445     5.739    41.227     0.000  104   -1   -1   -1
 446     7.347   -11.831     0.000  913   -1   -1   -1
 447     6.521     9.923     0.000  543   -1   -1   -1
 448     7.233   -13.769     0.000  943   -1   -1   -1
 449     7.718   -30.520     0.000 1198   -1   -1   -1
 450     6.782    -4.222     0.000  783   -1   -1   -1
 451     5.268    36.022     0.000  164   -1   -1   -1
 452     7.289   -28.760     0.000 1168   -1   -1   -1
 453     5.170    35.467     0.000  174   -1   -1   -1
 454     5.604    16.791     0.000  427   -1   -1   -1
 455     6.595   -14.001     0.000  945   -1   -1   -1
 456     5.354    23.361     0.000  321   -1   -1   -1
 457     4.913    37.037     0.000  149   -1   -1   -1
 458     7.024   -28.227     0.000 1159   -1   -1   -1
 459     5.697    10.322     0.000  537   -1   -1   -1
 460     6.355   -11.071     0.000  899   -1   -1   -1
 461     5.909    -4.128     0.000  782   -1   -1   -1
 462     5.696    -0.028     0.000  705   -1   -1   -1
 463     5.114    17.273     0.000  419   -1   -1   -1
 464     5.061    18.492     0.000  400   -1   -1   -1
 465     5.245    11.653     0.000  509   -1   -1   -1
 466     6.321   -23.841     0.000 1097   -1   -1   -1
 467     4.631    25.626     0.000  299   -1   -1   -1
 468     5.983   -15.380     0.000  973   -1   -1   -1
 469     5.997   -16.645     0.000  989   -1   -1   -1
 470     5.519    -2.578     0.000  741   -1   -1   -1
 471     4.223    33.416     0.000  200   -1   -1   -1
 472     4.088    34.083     0.000  190   -1   -1   -1
 473     5.792   -18.751     0.000 1018   -1   -1   -1
 474     6.139   -29.881     0.000 1190   -1   -1   -1
 475     4.065    31.536     0.000  227   -1   -1   -1
 476     3.561    42.209     0.000   94   -1   -1   -1
 477     4.929    -0.029     0.000  704   -1   -1   -1
 478     5.226   -10.272     0.000  887   -1   -1   -1
 479     5.813   -28.405     0.000 1162   -1   -1   -1
 480     5.602   -24.989     0.000 1114   -1   -1   -1
 481     3.570    34.429     0.000  186   -1   -1   -1
 482     3.352    41.215     0.000  103   -1   -1   -1
 483     3.957    20.951     0.000  364   -1   -1   -1
 484     4.516    -4.568     0.000  791   -1   -1   -1
 485     4.933   -21.027     0.000 1055   -1   -1   -1
 486     4.778   -18.096     0.000 1008   -1   -1   -1
 487     5.095   -29.443     0.000 1180   -1   -1   -1
 488     4.126    -5.237     0.000  801   -1   -1   -1
 489     3.161    22.947     0.000  329   -1   -1   -1
 490     3.117    21.072     0.000  362   -1   -1   -1
 491     3.444     8.620     0.000  561   -1   -1   -1
 492     3.340    11.415     0.000  513   -1   -1   -1
 493     2.441    38.286     0.000  132   -1   -1   -1
 494     3.411     7.896     0.000  569   -1   -1   -1
 495     4.171   -18.374     0.000 1013   -1   -1   -1
 496     2.089    43.538     0.000   78   -1   -1   -1
 497     3.709    -8.115     0.000  853   -1   -1   -1
 498     3.798   -10.787     0.000  898   -1   -1   -1
 499     3.589    -6.880     0.000  830   -1   -1   -1
 500     3.516    -8.195     0.000  855   -1   -1   -1
 501     2.746    14.035     0.000  471   -1   -1   -1
 502     3.796   -20.182     0.000 1042   -1   -1   -1
 503     3.963   -28.269     0.000 1155   -1   -1   -1
 504     2.864     3.174     0.000  646   -1   -1   -1
 505     2.324    16.460     0.000  433   -1   -1   -1
 506     3.436   -20.588     0.000 1049   -1   -1   -1
 507     1.811    25.276     0.000  306   -1   -1   -1
 508     1.463    32.353     0.000  214   -1   -1   -1
 509     3.420   -29.703     0.000 1186   -1   -1   -1
 510     2.545    -6.539     0.000  822   -1   -1   -1
 511     3.341   -30.646     0.000 1197   -1   -1   -1
 512     2.414    -5.611     0.000  808   -1   -1   -1
 513     1.658    16.787     0.000  425   -1   -1   -1
 514     2.188    -3.036     0.000  752   -1   -1   -1
 515     0.983    31.642     0.000  226   -1   -1   -1
 516     1.181    20.101     0.000  378   -1   -1   -1
 517     0.280    47.109     0.000   45   -1   -1   -1
 518     2.006    -5.629     0.000  809   -1   -1   -1
 519     0.928    22.532     0.000  335   -1   -1   -1
 520     1.762    -3.672     0.000  765   -1   -1   -1
 521     0.171    42.759     0.000   90   -1   -1   -1
 522     0.521    29.593     0.000  256   -1   -1   -1
 523     0.949    15.880     0.000  445   -1   -1   -1
 524     1.089     6.287     0.000  589   -1   -1   -1
 525     2.185   -28.292     0.000 1154   -1   -1   -1
 526     1.783   -18.907     0.000 1020   -1   -1   -1
 527     0.477    18.690     0.000  397   -1   -1   -1
 528     1.948   -24.829     0.000 1107   -1   -1   -1
 529     1.077    -0.908     0.000  718   -1   -1   -1
 530     1.157    -3.862     0.000  770   -1   -1   -1
 531     0.427    15.869     0.000  446   -1   -1   -1
 532     1.195    -7.430     0.000  835   -1   -1   -1
 533     1.725   -25.845     0.000 1122   -1   -1   -1
 534    -0.923    49.206     0.000   31   -1   -1   -1
 535     0.588     1.210     0.000  682   -1   -1   -1
 536    -1.060    49.932     0.000   23   -1   -1   -1
 537     1.434   -26.726     0.000 1132   -1   -1   -1
 538     0.030    13.337     0.000  478   -1   -1   -1
 539     0.182     6.676     0.000  582   -1   -1   -1
 540     0.006    10.825     0.000  520   -1   -1   -1
 541     0.829   -17.480     0.000  995   -1   -1   -1
 542     0.932   -22.397     0.000 1071   -1   -1   -1
 543    -0.694    23.238     0.000  322   -1   -1   -1
 544     1.128   -30.455     0.000 1196   -1   -1   -1
 545     0.998   -29.638     0.000 1181   -1   -1   -1
 546    -1.543    44.045     0.000   74   -1   -1   -1
 547    -1.747    31.965     0.000  220   -1   -1   -1
 548    -0.725     1.191     0.000  681   -1   -1   -1
 549     0.013   -25.043     0.000 1109   -1   -1   -1
 550    -1.437    12.725     0.000  489   -1   -1   -1
 551    -2.265    37.523     0.000  139   -1   -1   -1
 552    -1.000    -3.623     0.000  763   -1   -1   -1
 553    -2.078    26.513     0.000  283   -1   -1   -1
 554    -2.958    45.743     0.000   54   -1   -1   -1
 555    -0.936   -16.415     0.000  983   -1   -1   -1
 556    -2.018    14.935     0.000  458   -1   -1   -1
 557    -0.908   -19.346     0.000 1026   -1   -1   -1
 558    -3.507    49.862     0.000   26   -1   -1   -1
 559    -2.100     3.070     0.000  645   -1   -1   -1
 560    -2.072    -1.303     0.000  721   -1   -1   -1
 561    -1.101   -29.862     0.000 1185   -1   -1   -1
 562    -3.032    22.744     0.000  330   -1   -1   -1
 563    -3.520    35.513     0.000  169   -1   -1   -1
 564    -1.791   -18.249     0.000 1007   -1   -1   -1
 565    -2.257   -14.481     0.000  952   -1   -1   -1
 566    -3.771    28.157     0.000  269   -1   -1   -1
 567    -4.472    49.422     0.000   28   -1   -1   -1
 568    -4.103    32.382     0.000  212   -1   -1   -1
 569    -2.319   -20.575     0.000 1047   -1   -1   -1
 570    -2.202   -24.962     0.000 1106   -1   -1   -1
 571    -4.064    28.627     0.000  261   -1   -1   -1
 572    -3.244     3.943     0.000  632   -1   -1   -1
 573    -3.585    12.545     0.000  493   -1   -1   -1
 574    -4.209    29.664     0.000  253   -1   -1   -1
 575    -3.043    -4.810     0.000  793   -1   -1   -1
 576    -3.839    17.284     0.000  415   -1   -1   -1
 577    -3.993    21.656     0.000  351   -1   -1   -1
 578    -3.776    11.903     0.000  500   -1   -1   -1
 579    -4.839    38.648     0.000  126   -1   -1   -1
 580    -4.950    41.197     0.000  102   -1   -1   -1
 581    -3.462    -5.245     0.000  799   -1   -1   -1
 582    -4.980    33.400     0.000  198   -1   -1   -1
 583    -3.998     3.637     0.000  634   -1   -1   -1
 584    -5.196    38.537     0.000  127   -1   -1   -1
 585    -3.486   -15.377     0.000  964   -1   -1   -1
 586    -5.326    35.439     0.000  171   -1   -1   -1
 587    -3.537   -17.001     0.000  990   -1   -1   -1
 588    -4.881    21.969     0.000  344   -1   -1   -1
 589    -5.307    34.386     0.000  183   -1   -1   -1
 590    -4.256     3.132     0.000  641   -1   -1   -1
 591    -4.810    14.434     0.000  464   -1   -1   -1
 592    -4.503     1.368     0.000  678   -1   -1   -1
 593    -4.104   -10.537     0.000  888   -1   -1   -1
 594    -4.621    -1.065     0.000  719   -1   -1   -1
 595    -5.222    11.485     0.000  508   -1   -1   -1
 596    -5.003     4.756     0.000  618   -1   -1   -1
 597    -5.957    31.795     0.000  221   -1   -1   -1
 598    -6.034    32.285     0.000  213   -1   -1   -1
 599    -4.747    -5.924     0.000  811   -1   -1   -1
 600    -6.420    42.856     0.000   88   -1   -1   -1
 601    -5.910    26.488     0.000  282   -1   -1   -1
 602    -5.062    -2.681     0.000  735   -1   -1   -1
 603    -4.250   -25.775     0.000 1121   -1   -1   -1
 604    -5.268     2.569     0.000  651   -1   -1   -1
 605    -4.993    -7.772     0.000  841   -1   -1   -1
 606    -4.225   -29.862     0.000 1182   -1   -1   -1
 607    -5.071    -6.302     0.000  819   -1   -1   -1
 608    -4.718   -17.594     0.000  994   -1   -1   -1
 609    -6.199    24.986     0.000  310   -1   -1   -1
 610    -4.642   -22.497     0.000 1070   -1   -1   -1
 611    -6.442    25.752     0.000  294   -1   -1   -1
 612    -5.124   -13.423     0.000  933   -1   -1   -1
 613    -5.554    -2.153     0.000  729   -1   -1   -1
 614    -6.270    12.975     0.000  482   -1   -1   -1
 615    -6.845    23.029     0.000  323   -1   -1   -1
 616    -5.928    -6.228     0.000  818   -1   -1   -1
 617    -5.654   -15.224     0.000  961   -1   -1   -1
 618    -5.404   -23.472     0.000 1086   -1   -1   -1
 619    -7.705    38.513     0.000  128   -1   -1   -1
 620    -7.041    15.759     0.000  442   -1   -1   -1
 621    -6.074   -12.294     0.000  916   -1   -1   -1
 622    -8.043    44.675     0.000   67   -1   -1   -1
 623    -6.197   -16.876     0.000  987   -1   -1   -1
 624    -6.299   -14.148     0.000  941   -1   -1   -1
 625    -6.145   -18.503     0.000 1012   -1   -1   -1
 626    -5.954   -25.018     0.000 1104   -1   -1   -1
 627    -8.243    38.338     0.000  131   -1   -1   -1
 628    -6.590   -15.816     0.000  976   -1   -1   -1
 629    -7.568     8.140     0.000  565   -1   -1   -1
 630    -8.227    25.681     0.000  296   -1   -1   -1
 631    -7.883    13.011     0.000  480   -1   -1   -1
 632    -7.618     4.831     0.000  614   -1   -1   -1
 633    -8.276    21.989     0.000  341   -1   -1   -1
 634    -8.104    15.280     0.000  454   -1   -1   -1
 635    -8.843    36.195     0.000  158   -1   -1   -1
 636    -9.194    45.892     0.000   52   -1   -1   -1
 637    -6.643   -29.825     0.000 1179   -1   -1   -1
 638    -6.720   -29.358     0.000 1169   -1   -1   -1
 639    -8.266    14.188     0.000  468   -1   -1   -1
 640    -7.968     5.214     0.000  605   -1   -1   -1
 641    -7.057   -20.523     0.000 1041   -1   -1   -1
 642    -7.244   -15.493     0.000  965   -1   -1   -1
 643    -7.663    -5.117     0.000  797   -1   -1   -1
 644    -9.068    35.403     0.000  172   -1   -1   -1
 645    -8.085     6.239     0.000  586   -1   -1   -1
 646    -8.829    25.972     0.000  286   -1   -1   -1
 647    -7.434   -19.833     0.000 1029   -1   -1   -1
 648    -7.858    -8.667     0.000  860   -1   -1   -1
 649    -8.066    -2.850     0.000  739   -1   -1   -1
 650    -8.414     2.426     0.000  654   -1   -1   -1
 651    -9.921    43.996     0.000   72   -1   -1   -1
 652    -8.205    -8.145     0.000  849   -1   -1   -1
 653    -8.650     3.521     0.000  635   -1   -1   -1
 654    -8.290    -6.932     0.000  824   -1   -1   -1
 655    -7.869   -19.151     0.000 1017   -1   -1   -1
 656    -8.757    -0.345     0.000  702   -1   -1   -1
 657    -9.555    21.943     0.000  343   -1   -1   -1
 658    -9.730    24.531     0.000  315   -1   -1   -1
 659   -10.044    32.665     0.000  209   -1   -1   -1
 660    -9.600    16.928     0.000  421   -1   -1   -1
 661    -8.226   -23.425     0.000 1080   -1   -1   -1
 662    -9.431    10.417     0.000  525   -1   -1   -1
 663    -9.771    10.044     0.000  536   -1   -1   -1
 664   -10.303    25.369     0.000  300   -1   -1   -1
 665   -11.120    48.601     0.000   35   -1   -1   -1
 666    -9.681     5.088     0.000  608   -1   -1   -1
 667    -8.942   -17.564     0.000  993   -1   -1   -1
 668    -8.689   -25.145     0.000 1105   -1   -1   -1
 669   -10.672    30.815     0.000  235   -1   -1   -1
 670   -10.394    21.307     0.000  353   -1   -1   -1
 671    -9.033   -18.462     0.000 1006   -1   -1   -1
 672   -11.331    47.395     0.000   43   -1   -1   -1
 673    -8.954   -21.804     0.000 1060   -1   -1   -1
 674   -11.092    37.496     0.000  138   -1   -1   -1
 675   -10.218     8.195     0.000  564   -1   -1   -1
 676    -9.593   -10.406     0.000  885   -1   -1   -1
 677   -10.872    25.657     0.000  295   -1   -1   -1
 678   -10.561    13.524     0.000  473   -1   -1   -1
 679   -10.655    14.151     0.000  467   -1   -1   -1
 680    -9.442   -20.626     0.000 1043   -1   -1   -1
 681   -11.835    45.980     0.000   51   -1   -1   -1
 682    -9.600   -19.942     0.000 1032   -1   -1   -1
 683   -11.071    19.557     0.000  381   -1   -1   -1
 684   -11.938    44.121     0.000   71   -1   -1   -1
 685   -11.696    30.348     0.000  240   -1   -1   -1
 686   -11.121    13.477     0.000  475   -1   -1   -1
 687    -9.742   -26.725     0.000 1129   -1   -1   -1
 688   -11.297    14.156     0.000  466   -1   -1   -1
 689   -11.319    12.625     0.000  488   -1   -1   -1
 690   -11.423    11.695     0.000  501   -1   -1   -1
 691   -11.690    18.433     0.000  399   -1   -1   -1
 692   -10.818    -9.222     0.000  866   -1   -1   -1
 693   -12.421    36.005     0.000  161   -1   -1   -1
 694   -12.707    42.138     0.000   93   -1   -1   -1
 695   -12.559    37.483     0.000  137   -1   -1   -1
 696   -12.081    22.830     0.000  326   -1   -1   -1
 697   -11.157    -4.874     0.000  787   -1   -1   -1
 698   -12.559    32.727     0.000  208   -1   -1   -1
 699   -11.824    11.232     0.000  510   -1   -1   -1
 700   -11.769     6.033     0.000  587   -1   -1   -1
 701   -10.559   -29.189     0.000 1166   -1   -1   -1
 702   -11.761     3.614     0.000  633   -1   -1   -1
 703   -11.844     2.519     0.000  648   -1   -1   -1
 704   -11.790    -0.256     0.000  700   -1   -1   -1
 705   -11.802    -1.194     0.000  717   -1   -1   -1
 706   -11.193   -18.649     0.000 1011   -1   -1   -1
 707   -13.648    48.904     0.000   33   -1   -1   -1
 708   -11.515   -13.239     0.000  928   -1   -1   -1
 709   -10.964   -30.104     0.000 1183   -1   -1   -1
 710   -13.665    42.358     0.000   91   -1   -1   -1
 711   -13.178    25.532     0.000  297   -1   -1   -1
 712   -12.681     6.339     0.000  584   -1   -1   -1
 713   -12.782     4.378     0.000  624   -1   -1   -1
 714   -12.912     5.116     0.000  604   -1   -1   -1
 715   -12.348   -10.851     0.000  890   -1   -1   -1
 716   -12.297   -16.393     0.000  980   -1   -1   -1
 717   -13.260     6.404     0.000  581   -1   -1   -1
 718   -14.386    38.334     0.000  129   -1   -1   -1
 719   -12.688   -14.665     0.000  947   -1   -1   -1
 720   -13.325     1.132     0.000  679   -1   -1   -1
 721   -14.881    43.413     0.000   79   -1   -1   -1
 722   -14.013    16.405     0.000  428   -1   -1   -1
 723   -14.526    30.906     0.000  233   -1   -1   -1
 724   -14.582    30.345     0.000  239   -1   -1   -1
 725   -13.737     5.461     0.000  594   -1   -1   -1
 726   -15.170    46.244     0.000   50   -1   -1   -1
 727   -12.684   -25.088     0.000 1103   -1   -1   -1
 728   -12.731   -25.589     0.000 1113   -1   -1   -1
 729   -13.502    -5.778     0.000  804   -1   -1   -1
 730   -13.548    -8.765     0.000  859   -1   -1   -1
 731   -14.684    20.338     0.000  369   -1   -1   -1
 732   -15.384    36.383     0.000  155   -1   -1   -1
 733   -14.877    21.204     0.000  355   -1   -1   -1
 734   -14.253     3.118     0.000  640   -1   -1   -1
 735   -15.724    42.882     0.000   85   -1   -1   -1
 736   -15.295    22.382     0.000  332   -1   -1   -1
 737   -14.602    -0.611     0.000  707   -1   -1   -1
 738   -14.724    -1.248     0.000  716   -1   -1   -1
 739   -14.661    -3.828     0.000  761   -1   -1   -1
 740   -15.069     7.130     0.000  574   -1   -1   -1
 741   -15.139     8.231     0.000  562   -1   -1   -1
 742   -13.785   -29.137     0.000 1163   -1   -1   -1
 743   -14.713    -5.272     0.000  796   -1   -1   -1
 744   -15.879    25.723     0.000  291   -1   -1   -1
 745   -16.191    34.254     0.000  184   -1   -1   -1
 746   -14.525   -13.356     0.000  929   -1   -1   -1
 747   -14.371   -19.752     0.000 1025   -1   -1   -1
 748   -15.311     2.884     0.000  642   -1   -1   -1
 749   -15.720    12.215     0.000  495   -1   -1   -1
 750   -14.724   -16.508     0.000  981   -1   -1   -1
 751   -15.852    13.690     0.000  472   -1   -1   -1
 752   -16.098    16.513     0.000  424   -1   -1   -1
 753   -16.182    17.942     0.000  402   -1   -1   -1
 754   -15.853     4.355     0.000  622   -1   -1   -1
 755   -16.700    26.947     0.000  281   -1   -1   -1
 756   -17.018    32.693     0.000  207   -1   -1   -1
 757   -16.071     4.101     0.000  630   -1   -1   -1
 758   -15.622    -9.545     0.000  870   -1   -1   -1
 759   -16.486    13.066     0.000  477   -1   -1   -1
 760   -15.820   -13.859     0.000  935   -1   -1   -1
 761   -16.400     0.294     0.000  689   -1   -1   -1
 762   -17.777    35.840     0.000  162   -1   -1   -1
 763   -16.974     9.963     0.000  532   -1   -1   -1
 764   -16.134   -13.193     0.000  923   -1   -1   -1
 765   -18.131    41.455     0.000  100   -1   -1   -1
 766   -16.109   -15.095     0.000  957   -1   -1   -1
 767   -18.174    37.606     0.000  135   -1   -1   -1
 768   -18.556    47.184     0.000   44   -1   -1   -1
 769   -16.590    -9.669     0.000  873   -1   -1   -1
 770   -17.797    22.645     0.000  328   -1   -1   -1
 771   -17.545    15.395     0.000  450   -1   -1   -1
 772   -17.611    17.051     0.000  416   -1   -1   -1
 773   -16.890    -3.826     0.000  758   -1   -1   -1
 774   -16.940    -3.151     0.000  742   -1   -1   -1
 775   -16.234   -23.530     0.000 1077   -1   -1   -1
 776   -17.351     4.642     0.000  613   -1   -1   -1
 777   -18.222    28.350     0.000  265   -1   -1   -1
 778   -18.341    29.081     0.000  260   -1   -1   -1
 779   -18.990    45.028     0.000   61   -1   -1   -1
 780   -18.586    33.188     0.000  199   -1   -1   -1
 781   -18.266    23.945     0.000  316   -1   -1   -1
 782   -16.435   -27.555     0.000 1134   -1   -1   -1
 783   -18.559    29.448     0.000  255   -1   -1   -1
 784   -17.618     3.052     0.000  639   -1   -1   -1
 785   -17.467    -2.342     0.000  727   -1   -1   -1
 786   -17.832     4.840     0.000  610   -1   -1   -1
 787   -18.372    11.069     0.000  511   -1   -1   -1
 788   -17.450   -14.340     0.000  939   -1   -1   -1
 789   -18.722    20.503     0.000  366   -1   -1   -1
 790   -17.820    -5.109     0.000  789   -1   -1   -1
 791   -18.724     9.033     0.000  548   -1   -1   -1
 792   -19.639    33.303     0.000  195   -1   -1   -1
 793   -18.302    -7.720     0.000  832   -1   -1   -1
 794   -19.893    32.490     0.000  210   -1   -1   -1
 795   -17.848   -24.130     0.000 1089   -1   -1   -1
 796   -18.940     4.420     0.000  621   -1   -1   -1
 797   -18.806    -1.469     0.000  720   -1   -1   -1
 798   -18.722    -4.895     0.000  784   -1   -1   -1
 799   -19.398    12.148     0.000  494   -1   -1   -1
 800   -20.066    30.698     0.000  236   -1   -1   -1
 801   -19.860    19.772     0.000  377   -1   -1   -1
 802   -18.531   -18.581     0.000 1002   -1   -1   -1
 803   -19.041    -6.399     0.000  814   -1   -1   -1
 804   -19.746    10.667     0.000  518   -1   -1   -1
 805   -19.447     0.428     0.000  686   -1   -1   -1
 806   -19.388    -3.014     0.000  734   -1   -1   -1
 807   -19.275    -8.897     0.000  857   -1   -1   -1
 808   -20.825    22.176     0.000  336   -1   -1   -1
 809   -20.699    18.543     0.000  392   -1   -1   -1
 810   -20.347     8.791     0.000  552   -1   -1   -1
 811   -21.557    40.021     0.000  113   -1   -1   -1
 812   -19.736   -15.567     0.000  960   -1   -1   -1
 813   -22.032    47.531     0.000   42   -1   -1   -1
 814   -20.271    -4.227     0.000  766   -1   -1   -1
 815   -20.611     4.668     0.000  611   -1   -1   -1
 816   -21.857    38.714     0.000  123   -1   -1   -1
 817   -20.008   -13.444     0.000  927   -1   -1   -1
 818   -19.705   -22.265     0.000 1064   -1   -1   -1
 819   -21.133    10.863     0.000  516   -1   -1   -1
 820   -21.167     9.018     0.000  547   -1   -1   -1
 821   -20.716    -6.486     0.000  815   -1   -1   -1
 822   -21.724    19.929     0.000  375   -1   -1   -1
 823   -21.984    25.723     0.000  287   -1   -1   -1
 824   -20.409   -20.642     0.000 1037   -1   -1   -1
 825   -21.847    16.816     0.000  420   -1   -1   -1
 826   -22.606    37.922     0.000  134   -1   -1   -1
 827   -21.164    -3.614     0.000  751   -1   -1   -1
 828   -20.962    -9.977     0.000  875   -1   -1   -1
 829   -22.743    38.697     0.000  124   -1   -1   -1
 830   -21.202    -6.035     0.000  806   -1   -1   -1
 831   -21.241    -8.132     0.000  840   -1   -1   -1
 832   -23.185    45.013     0.000   60   -1   -1   -1
 833   -21.492    -3.471     0.000  745   -1   -1   -1
 834   -21.183   -12.979     0.000  919   -1   -1   -1
 835   -22.137     9.855     0.000  533   -1   -1   -1
 836   -22.225    10.950     0.000  512   -1   -1   -1
 837   -22.528    17.706     0.000  405   -1   -1   -1
 838   -21.966     1.799     0.000  659   -1   -1   -1
 839   -22.781    17.820     0.000  404   -1   -1   -1
 840   -21.560   -24.432     0.000 1094   -1   -1   -1
 841   -22.107   -10.020     0.000  876   -1   -1   -1
 842   -22.819     9.045     0.000  546   -1   -1   -1
 843   -23.329    22.268     0.000  331   -1   -1   -1
 844   -22.646     1.070     0.000  674   -1   -1   -1
 845   -23.375    19.923     0.000  374   -1   -1   -1
 846   -23.077    10.901     0.000  514   -1   -1   -1
 847   -24.249    42.748     0.000   87   -1   -1   -1
 848   -22.150   -15.122     0.000  953   -1   -1   -1
 849   -24.438    45.340     0.000   56   -1   -1   -1
 850   -23.041     5.041     0.000  600   -1   -1   -1
 851   -22.351   -13.441     0.000  926   -1   -1   -1
 852   -22.517   -10.530     0.000  882   -1   -1   -1
 853   -23.201     1.072     0.000  673   -1   -1   -1
 854   -23.026    -8.087     0.000  836   -1   -1   -1
 855   -23.516     3.736     0.000  631   -1   -1   -1
 856   -22.624   -21.143     0.000 1044   -1   -1   -1
 857   -24.503    29.395     0.000  254   -1   -1   -1
 858   -23.608     4.390     0.000  617   -1   -1   -1
 859   -24.253    16.846     0.000  418   -1   -1   -1
 860   -22.520   -29.202     0.000 1156   -1   -1   -1
 861   -24.328    15.998     0.000  434   -1   -1   -1
 862   -23.328   -12.680     0.000  911   -1   -1   -1
 863   -24.967    22.665     0.000  325   -1   -1   -1
 864   -24.073    -4.727     0.000  779   -1   -1   -1
 865   -25.119    21.626     0.000  346   -1   -1   -1
 866   -26.123    45.129     0.000   58   -1   -1   -1
 867   -24.536     1.057     0.000  672   -1   -1   -1
 868   -24.806     1.114     0.000  670   -1   -1   -1
 869   -26.556    42.980     0.000   82   -1   -1   -1
 870   -25.952    24.704     0.000  311   -1   -1   -1
 871   -24.767    -7.380     0.000  825   -1   -1   -1
 872   -25.130     1.081     0.000  671   -1   -1   -1
 873   -25.168    -1.109     0.000  710   -1   -1   -1
 874   -26.390    17.193     0.000  409   -1   -1   -1
 875   -25.111   -21.272     0.000 1046   -1   -1   -1
 876   -27.215    30.644     0.000  234   -1   -1   -1
 877   -25.608   -12.669     0.000  910   -1   -1   -1
 878   -25.840    -6.905     0.000  820   -1   -1   -1
 879   -26.270    -3.024     0.000  733   -1   -1   -1
 880   -25.570   -23.580     0.000 1074   -1   -1   -1
 881   -27.239    19.750     0.000  376   -1   -1   -1
 882   -27.113    15.561     0.000  438   -1   -1   -1
 883   -27.620    28.285     0.000  263   -1   -1   -1
 884   -26.668    -1.401     0.000  713   -1   -1   -1
 885   -28.164    32.879     0.000  203   -1   -1   -1
 886   -26.689   -12.074     0.000  902   -1   -1   -1
 887   -28.104    23.538     0.000  318   -1   -1   -1
 888   -27.296     1.340     0.000  661   -1   -1   -1
 889   -28.594    35.253     0.000  170   -1   -1   -1
 890   -27.609     7.205     0.000  570   -1   -1   -1
 891   -29.257    51.217     0.000   16   -1   -1   -1
 892   -26.963   -12.626     0.000  907   -1   -1   -1
 893   -27.308    -4.503     0.000  768   -1   -1   -1
 894   -27.017   -14.760     0.000  942   -1   -1   -1
 895   -27.258    -9.114     0.000  858   -1   -1   -1
 896   -27.471    -3.777     0.000  753   -1   -1   -1
 897   -27.035   -18.027     0.000  992   -1   -1   -1
 898   -27.903    -1.339     0.000  711   -1   -1   -1
 899   -28.435     9.328     0.000  541   -1   -1   -1
 900   -28.286     4.944     0.000  599   -1   -1   -1
 901   -27.948   -11.437     0.000  892   -1   -1   -1
 902   -30.167    41.721     0.000   96   -1   -1   -1
 903   -28.165   -14.493     0.000  937   -1   -1   -1
 904   -29.386    15.710     0.000  437   -1   -1   -1
 905   -28.606    -5.333     0.000  788   -1   -1   -1
 906   -28.703    -5.572     0.000  795   -1   -1   -1
 907   -28.328   -15.988     0.000  963   -1   -1   -1
 908   -28.773    -4.746     0.000  775   -1   -1   -1
 909   -28.329   -21.108     0.000 1039   -1   -1   -1
 910   -28.894    -8.223     0.000  834   -1   -1   -1
 911   -29.668     3.994     0.000  625   -1   -1   -1
 912   -29.346    -5.963     0.000  800   -1   -1   -1
 913   -29.833     5.524     0.000  591   -1   -1   -1
 914   -29.899     2.514     0.000  643   -1   -1   -1
 915   -31.685    50.431     0.000   18   -1   -1   -1
 916   -29.228   -15.465     0.000  956   -1   -1   -1
 917   -29.811    -3.791     0.000  749   -1   -1   -1
 918   -29.850    -5.316     0.000  786   -1   -1   -1
 919   -29.348   -19.087     0.000 1005   -1   -1   -1
 920   -31.377    29.140     0.000  258   -1   -1   -1
 921   -29.821   -13.627     0.000  924   -1   -1   -1
 922   -30.465     1.257     0.000  662   -1   -1   -1
 923   -29.647   -20.726     0.000 1034   -1   -1   -1
 924   -29.854   -15.461     0.000  955   -1   -1   -1
 925   -30.153   -10.534     0.000  880   -1   -1   -1
 926   -29.954   -18.492     0.000  999   -1   -1   -1
 927   -32.506    43.593     0.000   76   -1   -1   -1
 928   -30.898    -4.733     0.000  772   -1   -1   -1
 929   -31.308     1.308     0.000  660   -1   -1   -1
 930   -30.378   -24.263     0.000 1084   -1   -1   -1
 931   -32.016    16.922     0.000  414   -1   -1   -1
 932   -31.727    -0.406     0.000  695   -1   -1   -1
 933   -31.413   -11.442     0.000  891   -1   -1   -1
 934   -32.828    21.505     0.000  347   -1   -1   -1
 935   -33.642    39.307     0.000  119   -1   -1   -1
 936   -32.331     4.135     0.000  620   -1   -1   -1
 937   -33.505    27.065     0.000  276   -1   -1   -1
 938   -32.301   -10.339     0.000  877   -1   -1   -1
 939   -32.754    -4.843     0.000  774   -1   -1   -1
 940   -32.807    -4.021     0.000  755   -1   -1   -1
 941   -33.239    -0.179     0.000  691   -1   -1   -1
 942   -33.929    15.870     0.000  431   -1   -1   -1
 943   -34.480    28.211     0.000  262   -1   -1   -1
 944   -35.003    35.814     0.000  160   -1   -1   -1
 945   -35.170    39.309     0.000  118   -1   -1   -1
 946   -35.394    37.057     0.000  141   -1   -1   -1
 947   -33.711    -8.600     0.000  842   -1   -1   -1
 948   -34.701    16.682     0.000  417   -1   -1   -1
 949   -34.045    -3.837     0.000  746   -1   -1   -1
 950   -35.602    35.245     0.000  167   -1   -1   -1
 951   -33.242   -26.568     0.000 1118   -1   -1   -1
 952   -33.670   -17.671     0.000  986   -1   -1   -1
 953   -33.302   -29.209     0.000 1149   -1   -1   -1
 954   -34.993    13.750     0.000  465   -1   -1   -1
 955   -35.406    21.820     0.000  339   -1   -1   -1
 956   -36.017    32.606     0.000  204   -1   -1   -1
 957   -36.477    36.364     0.000  153   -1   -1   -1
 958   -37.051    43.765     0.000   75   -1   -1   -1
 959   -35.455     0.175     0.000  685   -1   -1   -1
 960   -35.325    -7.802     0.000  829   -1   -1   -1
 961   -36.317    16.956     0.000  410   -1   -1   -1
 962   -37.276    37.323     0.000  136   -1   -1   -1
 963   -34.968   -22.592     0.000 1058   -1   -1   -1
 964   -37.187    32.790     0.000  202   -1   -1   -1
 965   -37.575    39.878     0.000  114   -1   -1   -1
 966   -37.405    31.673     0.000  218   -1   -1   -1
 967   -37.643    35.118     0.000  173   -1   -1   -1
 968   -35.432   -22.047     0.000 1051   -1   -1   -1
 969   -35.655   -25.281     0.000 1098   -1   -1   -1
 970   -38.575    49.811     0.000   22   -1   -1   -1
 971   -36.582    -8.729     0.000  843   -1   -1   -1
 972   -38.494    36.767     0.000  146   -1   -1   -1
 973   -37.672    12.005     0.000  490   -1   -1   -1
 974   -36.794   -12.342     0.000  901   -1   -1   -1
 975   -38.326    24.208     0.000  314   -1   -1   -1
 976   -38.734    34.857     0.000  175   -1   -1   -1
 977   -37.705    -3.295     0.000  732   -1   -1   -1
 978   -36.835   -25.456     0.000 1099   -1   -1   -1
 979   -38.032     0.961     0.000  665   -1   -1   -1
 980   -38.712    15.837     0.000  430   -1   -1   -1
 981   -37.717   -13.743     0.000  921   -1   -1   -1
 982   -37.238   -25.879     0.000 1102   -1   -1   -1
 983   -39.799    33.039     0.000  197   -1   -1   -1
 984   -38.493    -5.662     0.000  790   -1   -1   -1
 985   -38.577   -16.665     0.000  972   -1   -1   -1
 986   -40.580    34.185     0.000  181   -1   -1   -1
 987   -40.609    29.460     0.000  251   -1   -1   -1
 988   -39.168    -8.848     0.000  844   -1   -1   -1
 989   -38.805   -20.631     0.000 1028   -1   -1   -1
 990   -41.570    46.729     0.000   46   -1   -1   -1
 991   -38.919   -23.819     0.000 1072   -1   -1   -1
 992   -41.861    49.828     0.000   21   -1   -1   -1
 993   -39.103   -22.733     0.000 1059   -1   -1   -1
 994   -39.729    -7.641     0.000  821   -1   -1   -1
 995   -39.029   -25.802     0.000 1101   -1   -1   -1
 996   -40.230     2.771     0.000  636   -1   -1   -1
 997   -38.986   -28.954     0.000 1143   -1   -1   -1
 998   -39.854   -10.447     0.000  874   -1   -1   -1
 999   -41.200    17.056     0.000  408   -1   -1   -1
1000   -42.684    53.315     0.000    1   -1   -1   -1
1001   -42.606    42.043     0.000   92   -1   -1   -1
1002   -40.018   -24.477     0.000 1081   -1   -1   -1
1003   -40.078   -30.738     0.000 1172   -1   -1   -1
1004   -40.508   -24.379     0.000 1078   -1   -1   -1
1005   -41.586     1.567     0.000  656   -1   -1   -1
1006   -41.123   -14.168     0.000  930   -1   -1   -1
1007   -44.065    53.212     0.000    2   -1   -1   -1
1008   -44.027    51.223     0.000   14   -1   -1   -1
1009   -42.768    14.955     0.000  448   -1   -1   -1
1010   -41.532   -17.035     0.000  977   -1   -1   -1
1011   -43.349    27.236     0.000  273   -1   -1   -1
1012   -43.091    17.211     0.000  406   -1   -1   -1
1013   -41.451   -26.759     0.000 1117   -1   -1   -1
1014   -41.423   -29.580     0.000 1152   -1   -1   -1
1015   -41.354   -31.521     0.000 1189   -1   -1   -1
1016   -44.348    42.811     0.000   84   -1   -1   -1
1017   -43.690    24.518     0.000  308   -1   -1   -1
1018   -44.231    31.601     0.000  217   -1   -1   -1
1019   -42.808    -7.097     0.000  817   -1   -1   -1
1020   -42.698   -15.627     0.000  948   -1   -1   -1
1021   -43.750     9.527     0.000  530   -1   -1   -1
1022   -42.805   -18.873     0.000  998   -1   -1   -1
1023   -45.349    38.824     0.000  122   -1   -1   -1
1024   -44.995    23.463     0.000  317   -1   -1   -1
1025   -43.087   -27.565     0.000 1123   -1   -1   -1
1026   -44.321     1.341     0.000  658   -1   -1   -1
1027   -45.773    33.191     0.000  192   -1   -1   -1
1028   -45.257    16.259     0.000  423   -1   -1   -1
1029   -44.140   -27.687     0.000 1126   -1   -1   -1
1030   -44.203   -28.071     0.000 1131   -1   -1   -1
1031   -44.588   -23.039     0.000 1062   -1   -1   -1
1032   -44.821   -24.320     0.000 1075   -1   -1   -1
1033   -46.277     7.916     0.000  556   -1   -1   -1
1034   -46.274     6.546     0.000  573   -1   -1   -1
1035   -46.724    16.249     0.000  422   -1   -1   -1
1036   -46.160     2.114     0.000  644   -1   -1   -1
1037   -44.863   -29.618     0.000 1150   -1   -1   -1
1038   -45.716   -11.169     0.000  881   -1   -1   -1
1039   -45.432   -25.394     0.000 1095   -1   -1   -1
1040   -46.826     5.743     0.000  579   -1   -1   -1
1041   -46.183   -12.051     0.000  895   -1   -1   -1
1042   -46.888     1.471     0.000  655   -1   -1   -1
1043   -49.049    52.875     0.000    5   -1   -1   -1
1044   -45.815   -31.602     0.000 1188   -1   -1   -1
1045   -48.562     7.707     0.000  559   -1   -1   -1
1046   -47.042   -30.365     0.000 1164   -1   -1   -1
1047   -47.677   -19.589     0.000 1003   -1   -1   -1
1048   -47.380   -29.773     0.000 1151   -1   -1   -1
1049   -48.631    -2.849     0.000  724   -1   -1   -1
1050   -50.077    30.107     0.000  238   -1   -1   -1
1051   -49.507     9.307     0.000  534   -1   -1   -1
1052   -49.442     7.559     0.000  560   -1   -1   -1
1053   -49.493     1.552     0.000  652   -1   -1   -1
1054   -48.705   -19.760     0.000 1009   -1   -1   -1
1055   -49.318    -5.379     0.000  780   -1   -1   -1
1056   -50.093    -0.393     0.000  687   -1   -1   -1
1057   -49.829    -7.271     0.000  816   -1   -1   -1
1058   -49.038   -28.729     0.000 1135   -1   -1   -1
1059   -50.576     5.446     0.000  585   -1   -1   -1
1060   -49.833   -21.172     0.000 1030   -1   -1   -1
1061   -52.927    52.902     0.000    3   -1   -1   -1
1062   -51.374     8.172     0.000  551   -1   -1   -1
1063   -50.667   -11.071     0.000  878   -1   -1   -1
1064   -51.227    -3.981     0.000  740   -1   -1   -1
1065   -51.631     3.505     0.000  626   -1   -1   -1
1066   -50.717   -20.953     0.000 1027   -1   -1   -1
1067   -53.651    48.211     0.000   38   -1   -1   -1
1068   -51.014   -29.494     0.000 1145   -1   -1   -1
1069   -51.945    -8.136     0.000  826   -1   -1   -1
1070   -53.354    20.391     0.000  359   -1   -1   -1
1071   -53.379    18.682     0.000  386   -1   -1   -1
1072   -53.402    17.807     0.000  396   -1   -1   -1
1073   -54.073    30.596     0.000  230   -1   -1   -1
1074   -52.279   -19.901     0.000 1010   -1   -1   -1
1075   -56.072    36.543     0.000  148   -1   -1   -1
1076   -55.945    28.822     0.000  259   -1   -1   -1
1077   -56.086    25.205     0.000  289   -1   -1   -1
1078   -56.752    36.561     0.000  147   -1   -1   -1
1079   -56.209    16.547     0.000  412   -1   -1   -1
1080   -56.457    20.528     0.000  358   -1   -1   -1
1081   -56.482    20.228     0.000  361   -1   -1   -1
1082   -56.499    19.720     0.000  368   -1   -1   -1
1083   -56.472    18.781     0.000  383   -1   -1   -1
1084   -56.500    17.800     0.000  394   -1   -1   -1
1085   -54.573   -28.413     0.000 1130   -1   -1   -1
1086   -56.609    16.576     0.000  411   -1   -1   -1
1087   -56.600    15.407     0.000  435   -1   -1   -1
1088   -57.329    32.852     0.000  196   -1   -1   -1
1089   -56.598    14.702     0.000  449   -1   -1   -1
1090   -58.123    49.641     0.000   24   -1   -1   -1
1091   -57.121    20.086     0.000  363   -1   -1   -1
1092   -57.512    29.612     0.000  244   -1   -1   -1
1093   -57.225    19.160     0.000  379   -1   -1   -1
1094   -57.199    17.454     0.000  401   -1   -1   -1
1095   -57.238    14.713     0.000  447   -1   -1   -1
1096   -58.367    41.660     0.000   95   -1   -1   -1
1097   -55.666   -28.055     0.000 1124   -1   -1   -1
1098   -56.742   -10.512     0.000  867   -1   -1   -1
1099   -58.318    20.554     0.000  354   -1   -1   -1
1100   -59.331    31.578     0.000  215   -1   -1   -1
1101   -57.046   -22.926     0.000 1054   -1   -1   -1
1102   -56.991   -25.875     0.000 1096   -1   -1   -1
1103   -59.748    38.350     0.000  125   -1   -1   -1
1104   -59.641    34.042     0.000  180   -1   -1   -1
1105   -57.079   -27.055     0.000 1111   -1   -1   -1
1106   -58.866     5.888     0.000  577   -1   -1   -1
1107   -60.171    36.737     0.000  143   -1   -1   -1
1108   -58.698     0.394     0.000  668   -1   -1   -1
1109   -59.682    23.907     0.000  313   -1   -1   -1
1110   -58.031   -18.160     0.000  984   -1   -1   -1
1111   -60.045    29.507     0.000  247   -1   -1   -1
1112   -57.702   -26.227     0.000 1100   -1   -1   -1
1113   -57.580   -29.952     0.000 1148   -1   -1   -1
1114   -57.725   -27.095     0.000 1112   -1   -1   -1
1115   -60.138    29.750     0.000  241   -1   -1   -1
1116   -59.330     4.994     0.000  590   -1   -1   -1
1117   -58.661   -11.643     0.000  884   -1   -1   -1
1118   -61.266    44.980     0.000   57   -1   -1   -1
1119   -59.644     3.769     0.000  612   -1   -1   -1
1120   -58.606   -22.539     0.000 1048   -1   -1   -1
1121   -60.956    32.230     0.000  206   -1   -1   -1
1122   -59.187   -10.831     0.000  872   -1   -1   -1
1123   -60.482    18.672     0.000  385   -1   -1   -1
1124   -59.189   -13.804     0.000  914   -1   -1   -1
1125   -60.325     5.354     0.000  583   -1   -1   -1
1126   -59.554   -14.018     0.000  918   -1   -1   -1
1127   -60.346     3.535     0.000  619   -1   -1   -1
1128   -59.516   -24.014     0.000 1069   -1   -1   -1
1129   -60.377    -7.404     0.000  812   -1   -1   -1
1130   -61.824    25.103     0.000  290   -1   -1   -1
1131   -60.106   -16.266     0.000  954   -1   -1   -1
1132   -61.055     5.403     0.000  580   -1   -1   -1
1133   -60.498    -9.447     0.000  845   -1   -1   -1
1134   -60.362   -13.006     0.000  900   -1   -1   -1
1135   -62.949    46.385     0.000   47   -1   -1   -1
1136   -63.182    52.107     0.000    9   -1   -1   -1
1137   -61.046    -1.332     0.000  699   -1   -1   -1
1138   -62.008    18.332     0.000  390   -1   -1   -1
1139   -62.703    34.235     0.000  177   -1   -1   -1
1140   -61.788    10.441     0.000  507   -1   -1   -1
1141   -60.696   -16.557     0.000  958   -1   -1   -1
1142   -62.787    30.948     0.000  223   -1   -1   -1
1143   -61.824     7.719     0.000  554   -1   -1   -1
1144   -60.419   -24.949     0.000 1076   -1   -1   -1
1145   -61.002   -12.499     0.000  897   -1   -1   -1
1146   -63.200    35.576     0.000  159   -1   -1   -1
1147   -63.337    34.058     0.000  179   -1   -1   -1
1148   -63.982    39.275     0.000  117   -1   -1   -1
1149   -63.648    27.674     0.000  266   -1   -1   -1
1150   -64.025    35.298     0.000  165   -1   -1   -1
1151   -62.028   -13.398     0.000  905   -1   -1   -1
1152   -64.434    40.749     0.000  101   -1   -1   -1
1153   -63.197    10.694     0.000  502   -1   -1   -1
1154   -63.331    12.528     0.000  474   -1   -1   -1
1155   -63.098     4.918     0.000  588   -1   -1   -1
1156   -63.008    -2.265     0.000  712   -1   -1   -1
1157   -62.205   -22.226     0.000 1040   -1   -1   -1
1158   -64.172    18.694     0.000  382   -1   -1   -1
1159   -64.007    13.144     0.000  469   -1   -1   -1
1160   -64.659    27.410     0.000  268   -1   -1   -1
1161   -62.474   -25.762     0.000 1092   -1   -1   -1
1162   -62.977   -15.840     0.000  944   -1   -1   -1
1163   -62.442   -28.340     0.000 1127   -1   -1   -1
1164   -63.589    -7.551     0.000  813   -1   -1   -1
1165   -63.402   -21.075     0.000 1022   -1   -1   -1
1166   -63.334   -25.581     0.000 1088   -1   -1   -1
1167   -65.878    30.885     0.000  225   -1   -1   -1
1168   -64.976     9.383     0.000  523   -1   -1   -1
1169   -64.899     7.394     0.000  558   -1   -1   -1
1170   -64.735     3.244     0.000  623   -1   -1   -1
1171   -66.649    49.079     0.000   29   -1   -1   -1
1172   -65.573    21.423     0.000  338   -1   -1   -1
1173   -64.855     3.890     0.000  607   -1   -1   -1
1174   -65.181     8.900     0.000  538   -1   -1   -1
1175   -65.052    -2.467     0.000  715   -1   -1   -1
1176   -65.060    -5.045     0.000  759   -1   -1   -1
1177   -66.439    26.622     0.000  277   -1   -1   -1
1178   -66.035    14.464     0.000  451   -1   -1   -1
1179   -64.562   -19.497     0.000  996   -1   -1   -1
1180   -66.900    34.880     0.000  168   -1   -1   -1
1181   -64.878   -12.510     0.000  894   -1   -1   -1
1182   -64.701   -18.132     0.000  982   -1   -1   -1
1183   -65.583    -0.513     0.000  684   -1   -1   -1
1184   -64.771   -20.699     0.000 1016   -1   -1   -1
1185   -66.737    22.618     0.000  319   -1   -1   -1
1186   -66.248    10.487     0.000  505   -1   -1   -1
1187   -65.469   -11.487     0.000  879   -1   -1   -1
1188   -65.860    -6.414     0.000  792   -1   -1   -1
1189   -66.827    13.352     0.000  463   -1   -1   -1
1190   -66.751    10.927     0.000  497   -1   -1   -1
1191   -66.736     6.778     0.000  567   -1   -1   -1
1192   -65.495   -21.975     0.000 1035   -1   -1   -1
1193   -66.757     4.148     0.000  596   -1   -1   -1
1194   -66.098   -11.827     0.000  883   -1   -1   -1
1195   -66.432   -13.920     0.000  912   -1   -1   -1
1196   -67.161    -2.435     0.000  714   -1   -1   -1
1197   -67.028    -9.330     0.000  839   -1   -1   -1
1198   -66.620   -21.874     0.000 1033   -1   -1   -1
1199   -67.230   -10.693     0.000  865   -1   -1   -1
1200   -67.098   -19.098     0.000  991   -1   -1   -1
1201   -67.101   -21.749     0.000 1031   -1   -1   -1
1202   -67.367   -23.255     0.000 1053   -1   -1   -1
