1182
   1    51.550    43.517     0.000   80   -1   -1   -1
   2    51.146    32.325     0.000  221   -1   -1   -1
   3    50.940    31.264     0.000  241   -1   -1   -1
   4    50.241    41.061     0.000  106   -1   -1   -1
   5    50.325    29.144     0.000  267   -1   -1   -1
   6    50.928     3.289     0.000  649   -1   -1   -1
   7    49.746    41.666     0.000   98   -1   -1   -1
   8    50.247    13.659     0.000  485   -1   -1   -1
   9    50.399     7.520     0.000  581   -1   -1   -1
  10    50.104    15.405     0.000  460   -1   -1   -1
  11    50.708   -13.257     0.000  946   -1   -1   -1
  12    49.988     5.271     0.000  617   -1   -1   -1
  13    49.811     9.664     0.000  546   -1   -1   -1
  14    49.014    29.921     0.000  261   -1   -1   -1
  15    49.090     7.270     0.000  583   -1   -1   -1
  16    48.223    38.121     0.000  144   -1   -1   -1
  17    48.600    23.047     0.000  341   -1   -1   -1
  18    49.385    -7.305     0.000  846   -1   -1   -1
  19    48.005    31.247     0.000  240   -1   -1   -1
  20    48.291    13.384     0.000  488   -1   -1   -1
  21    47.686    26.416     0.000  304   -1   -1   -1
  22    47.092    33.850     0.000  201   -1   -1   -1
  23    48.225   -13.267     0.000  943   -1   -1   -1
  24    47.102    24.211     0.000  328   -1   -1   -1
  25    47.333    14.577     0.000  466   -1   -1   -1
  26    47.611    -3.490     0.000  776   -1   -1   -1
  27    47.447    -4.266     0.000  788   -1   -1   -1
  28    46.670    21.889     0.000  366   -1   -1   -1
  29    47.334    -2.962     0.000  761   -1   -1   -1
  30    46.280    29.261     0.000  266   -1   -1   -1
  31    46.205    30.022     0.000  258   -1   -1   -1
  32    46.413    20.255     0.000  395   -1   -1   -1
  33    47.238   -16.480     0.000  990   -1   -1   -1
  34    46.050    10.500     0.000  530   -1   -1   -1
  35    45.725    20.561     0.000  388   -1   -1   -1
  36    46.272    -7.181     0.000  842   -1   -1   -1
  37    45.015    32.326     0.000  220   -1   -1   -1
  38    45.160    22.669     0.000  346   -1   -1   -1
  39    46.368   -24.114     0.000 1108   -1   -1   -1
  40    45.762    -5.904     0.000  816   -1   -1   -1
  41    45.747    -7.773     0.000  853   -1   -1   -1
  42    45.180    12.061     0.000  511   -1   -1   -1
  43    45.115     1.636     0.000  679   -1   -1   -1
  44    44.053    26.883     0.000  293   -1   -1   -1
  45    44.653     3.123     0.000  651   -1   -1   -1
  46    44.753    -3.610     0.000  778   -1   -1   -1
  47    44.144    16.730     0.000  440   -1   -1   -1
  48    43.723    24.487     0.000  324   -1   -1   -1
  49    43.078    38.970     0.000  133   -1   -1   -1
  50    43.170    33.769     0.000  202   -1   -1   -1
  51    43.777    -1.651     0.000  731   -1   -1   -1
  52    43.850   -10.230     0.000  889   -1   -1   -1
  53    43.045    16.355     0.000  447   -1   -1   -1
  54    44.112   -23.596     0.000 1097   -1   -1   -1
  55    43.772   -14.317     0.000  962   -1   -1   -1
  56    42.632    26.890     0.000  292   -1   -1   -1
  57    41.588    52.798     0.000    6   -1   -1   -1
  58    42.649     8.641     0.000  558   -1   -1   -1
  59    40.980    52.237     0.000   13   -1   -1   -1
  60    40.922    53.717     0.000    1   -1   -1   -1
  61    42.564    -6.720     0.000  827   -1   -1   -1
  62    42.034    12.231     0.000  507   -1   -1   -1
  63    40.866    50.468     0.000   23   -1   -1   -1
  64    40.661    53.334     0.000    2   -1   -1   -1
  65    40.758    48.716     0.000   38   -1   -1   -1
  66    40.719    45.358     0.000   63   -1   -1   -1
  67    40.949    26.158     0.000  307   -1   -1   -1
  68    40.958    25.364     0.000  316   -1   -1   -1
  69    40.518    40.624     0.000  110   -1   -1   -1
  70    40.401    37.800     0.000  149   -1   -1   -1
  71    40.366    37.181     0.000  155   -1   -1   -1
  72    40.299    34.775     0.000  185   -1   -1   -1
  73    39.994    26.558     0.000  298   -1   -1   -1
  74    39.930    23.754     0.000  333   -1   -1   -1
  75    39.703    21.460     0.000  371   -1   -1   -1
  76    39.689    19.329     0.000  403   -1   -1   -1
  77    39.724    16.288     0.000  448   -1   -1   -1
  78    39.654    17.847     0.000  423   -1   -1   -1
  79    39.709    12.671     0.000  496   -1   -1   -1
  80    39.387    22.553     0.000  348   -1   -1   -1
  81    39.502    15.646     0.000  456   -1   -1   -1
  82    40.470   -22.373     0.000 1076   -1   -1   -1
  83    39.451    10.872     0.000  523   -1   -1   -1
  84    39.350    14.078     0.000  471   -1   -1   -1
  85    39.363    13.584     0.000  482   -1   -1   -1
  86    39.368     7.617     0.000  572   -1   -1   -1
  87    39.322     7.295     0.000  580   -1   -1   -1
  88    39.977   -22.139     0.000 1069   -1   -1   -1
  89    39.167     6.271     0.000  597   -1   -1   -1
  90    39.225     2.087     0.000  668   -1   -1   -1
  91    39.124     4.777     0.000  622   -1   -1   -1
  92    38.616    22.539     0.000  349   -1   -1   -1
  93    39.126     3.579     0.000  641   -1   -1   -1
  94    39.135     2.722     0.000  655   -1   -1   -1
  95    39.102     2.261     0.000  660   -1   -1   -1
  96    38.026    39.020     0.000  130   -1   -1   -1
  97    39.006     1.188     0.000  682   -1   -1   -1
  98    38.996    -2.331     0.000  739   -1   -1   -1
  99    38.965    -2.584     0.000  745   -1   -1   -1
 100    38.882    -0.211     0.000  707   -1   -1   -1
 101    38.916    -2.847     0.000  750   -1   -1   -1
 102    37.462    48.510     0.000   43   -1   -1   -1
 103    38.867    -3.193     0.000  763   -1   -1   -1
 104    38.837    -3.523     0.000  772   -1   -1   -1
 105    38.851    -5.892     0.000  812   -1   -1   -1
 106    38.762    -3.861     0.000  780   -1   -1   -1
 107    38.678    -5.797     0.000  810   -1   -1   -1
 108    38.133    11.415     0.000  518   -1   -1   -1
 109    39.138   -23.854     0.000 1100   -1   -1   -1
 110    37.738    24.209     0.000  326   -1   -1   -1
 111    36.948    52.765     0.000    7   -1   -1   -1
 112    36.930    52.054     0.000   16   -1   -1   -1
 113    38.644   -12.003     0.000  917   -1   -1   -1
 114    37.298    34.104     0.000  196   -1   -1   -1
 115    37.368    26.947     0.000  291   -1   -1   -1
 116    38.135    -3.769     0.000  777   -1   -1   -1
 117    38.420   -15.440     0.000  974   -1   -1   -1
 118    37.292    11.426     0.000  517   -1   -1   -1
 119    36.632    27.806     0.000  283   -1   -1   -1
 120    38.125   -29.792     0.000 1180   -1   -1   -1
 121    36.878    12.284     0.000  501   -1   -1   -1
 122    37.722   -20.106     0.000 1044   -1   -1   -1
 123    35.577    34.581     0.000  187   -1   -1   -1
 124    35.784    21.929     0.000  360   -1   -1   -1
 125    34.931    52.121     0.000   14   -1   -1   -1
 126    34.828    51.302     0.000   20   -1   -1   -1
 127    35.378    25.856     0.000  310   -1   -1   -1
 128    35.853    -3.044     0.000  755   -1   -1   -1
 129    34.824    16.848     0.000  438   -1   -1   -1
 130    35.358    -3.232     0.000  760   -1   -1   -1
 131    33.800    32.079     0.000  223   -1   -1   -1
 132    34.792    -7.288     0.000  838   -1   -1   -1
 133    34.689    -9.379     0.000  876   -1   -1   -1
 134    33.956    -0.838     0.000  717   -1   -1   -1
 135    34.260   -25.100     0.000 1111   -1   -1   -1
 136    34.190   -22.918     0.000 1081   -1   -1   -1
 137    33.592    -3.397     0.000  764   -1   -1   -1
 138    32.235    38.944     0.000  132   -1   -1   -1
 139    33.546   -27.411     0.000 1145   -1   -1   -1
 140    32.843    -7.362     0.000  839   -1   -1   -1
 141    33.411   -28.564     0.000 1166   -1   -1   -1
 142    32.649    -3.274     0.000  758   -1   -1   -1
 143    30.998    51.676     0.000   18   -1   -1   -1
 144    31.286    36.357     0.000  166   -1   -1   -1
 145    31.424    30.132     0.000  256   -1   -1   -1
 146    32.903   -26.024     0.000 1119   -1   -1   -1
 147    32.882   -26.707     0.000 1129   -1   -1   -1
 148    32.762   -31.223     0.000 1181   -1   -1   -1
 149    30.173    51.194     0.000   21   -1   -1   -1
 150    32.385   -25.079     0.000 1110   -1   -1   -1
 151    32.132   -26.654     0.000 1128   -1   -1   -1
 152    30.686    21.284     0.000  372   -1   -1   -1
 153    31.045     6.667     0.000  589   -1   -1   -1
 154    29.278    39.275     0.000  121   -1   -1   -1
 155    29.109    36.449     0.000  160   -1   -1   -1
 156    28.737    46.914     0.000   52   -1   -1   -1
 157    30.430   -14.828     0.000  964   -1   -1   -1
 158    29.455     9.738     0.000  532   -1   -1   -1
 159    28.955    12.347     0.000  497   -1   -1   -1
 160    28.671    21.641     0.000  365   -1   -1   -1
 161    28.175    36.504     0.000  159   -1   -1   -1
 162    28.555    19.783     0.000  396   -1   -1   -1
 163    29.806   -27.406     0.000 1142   -1   -1   -1
 164    27.530    45.066     0.000   64   -1   -1   -1
 165    29.412   -19.884     0.000 1036   -1   -1   -1
 166    28.244    11.424     0.000  516   -1   -1   -1
 167    29.251   -22.240     0.000 1065   -1   -1   -1
 168    28.854   -11.468     0.000  908   -1   -1   -1
 169    28.506    -0.596     0.000  710   -1   -1   -1
 170    28.579    -7.325     0.000  835   -1   -1   -1
 171    27.220    33.850     0.000  197   -1   -1   -1
 172    28.645   -14.443     0.000  956   -1   -1   -1
 173    28.720   -18.650     0.000 1009   -1   -1   -1
 174    28.504   -12.645     0.000  925   -1   -1   -1
 175    28.662   -26.650     0.000 1127   -1   -1   -1
 176    28.294   -18.853     0.000 1015   -1   -1   -1
 177    27.445     8.501     0.000  556   -1   -1   -1
 178    27.577     3.715     0.000  635   -1   -1   -1
 179    27.909   -14.453     0.000  955   -1   -1   -1
 180    27.340     1.241     0.000  678   -1   -1   -1
 181    26.791    18.708     0.000  409   -1   -1   -1
 182    26.999     2.087     0.000  657   -1   -1   -1
 183    27.854   -26.135     0.000 1117   -1   -1   -1
 184    26.406    21.466     0.000  370   -1   -1   -1
 185    27.801   -28.626     0.000 1162   -1   -1   -1
 186    27.514   -23.937     0.000 1093   -1   -1   -1
 187    25.159    49.012     0.000   36   -1   -1   -1
 188    25.005    51.741     0.000   17   -1   -1   -1
 189    26.144     9.600     0.000  533   -1   -1   -1
 190    27.222   -28.650     0.000 1163   -1   -1   -1
 191    25.887    15.336     0.000  457   -1   -1   -1
 192    26.554    -9.898     0.000  879   -1   -1   -1
 193    25.188    35.543     0.000  178   -1   -1   -1
 194    26.457    -7.193     0.000  829   -1   -1   -1
 195    27.015   -29.863     0.000 1179   -1   -1   -1
 196    26.060    -1.827     0.000  724   -1   -1   -1
 197    26.719   -26.202     0.000 1118   -1   -1   -1
 198    26.149   -10.946     0.000  896   -1   -1   -1
 199    25.748    -7.323     0.000  832   -1   -1   -1
 200    25.709   -10.949     0.000  895   -1   -1   -1
 201    26.020   -23.960     0.000 1092   -1   -1   -1
 202    25.947   -22.680     0.000 1072   -1   -1   -1
 203    25.405   -11.634     0.000  909   -1   -1   -1
 204    24.400    19.682     0.000  397   -1   -1   -1
 205    24.933     1.835     0.000  664   -1   -1   -1
 206    24.463    14.975     0.000  459   -1   -1   -1
 207    25.448   -19.113     0.000 1020   -1   -1   -1
 208    24.119    23.919     0.000  327   -1   -1   -1
 209    25.306   -24.484     0.000 1103   -1   -1   -1
 210    24.787    -9.476     0.000  872   -1   -1   -1
 211    24.236     7.377     0.000  570   -1   -1   -1
 212    24.565    -3.548     0.000  762   -1   -1   -1
 213    23.197    40.246     0.000  113   -1   -1   -1
 214    24.007     6.633     0.000  586   -1   -1   -1
 215    24.319    -5.058     0.000  794   -1   -1   -1
 216    24.977   -28.633     0.000 1160   -1   -1   -1
 217    24.494   -15.287     0.000  969   -1   -1   -1
 218    24.160    -8.845     0.000  859   -1   -1   -1
 219    23.055    25.409     0.000  313   -1   -1   -1
 220    22.883    31.115     0.000  237   -1   -1   -1
 221    22.414    44.700     0.000   67   -1   -1   -1
 222    24.184   -14.880     0.000  961   -1   -1   -1
 223    23.809    -2.890     0.000  743   -1   -1   -1
 224    23.230    15.930     0.000  450   -1   -1   -1
 225    23.807    -3.856     0.000  769   -1   -1   -1
 226    22.016    48.909     0.000   37   -1   -1   -1
 227    23.780   -12.995     0.000  927   -1   -1   -1
 228    23.111     7.477     0.000  568   -1   -1   -1
 229    22.921    10.062     0.000  529   -1   -1   -1
 230    23.853   -23.740     0.000 1088   -1   -1   -1
 231    22.795     0.306     0.000  692   -1   -1   -1
 232    23.066   -14.367     0.000  953   -1   -1   -1
 233    23.076   -19.919     0.000 1032   -1   -1   -1
 234    22.457    -3.247     0.000  749   -1   -1   -1
 235    22.445    -3.984     0.000  773   -1   -1   -1
 236    22.291     0.552     0.000  685   -1   -1   -1
 237    22.066     0.649     0.000  684   -1   -1   -1
 238    22.110    -1.941     0.000  725   -1   -1   -1
 239    22.017    -0.179     0.000  698   -1   -1   -1
 240    22.223    -9.992     0.000  878   -1   -1   -1
 241    21.104    24.727     0.000  320   -1   -1   -1
 242    22.008    -9.203     0.000  864   -1   -1   -1
 243    21.924    -8.263     0.000  848   -1   -1   -1
 244    20.076    52.599     0.000    8   -1   -1   -1
 245    21.592    -4.958     0.000  789   -1   -1   -1
 246    20.975    14.844     0.000  462   -1   -1   -1
 247    21.714   -11.097     0.000  898   -1   -1   -1
 248    21.714   -12.387     0.000  916   -1   -1   -1
 249    21.833   -17.598     0.000  996   -1   -1   -1
 250    19.616    49.502     0.000   31   -1   -1   -1
 251    21.825   -25.848     0.000 1114   -1   -1   -1
 252    21.824   -26.867     0.000 1126   -1   -1   -1
 253    21.213   -13.107     0.000  929   -1   -1   -1
 254    20.861    -1.899     0.000  723   -1   -1   -1
 255    20.129    21.783     0.000  358   -1   -1   -1
 256    21.122   -11.104     0.000  897   -1   -1   -1
 257    21.356   -19.713     0.000 1027   -1   -1   -1
 258    21.004   -10.350     0.000  885   -1   -1   -1
 259    20.776    -3.473     0.000  756   -1   -1   -1
 260    20.850    -8.702     0.000  856   -1   -1   -1
 261    20.640    -3.189     0.000  748   -1   -1   -1
 262    19.575    30.489     0.000  246   -1   -1   -1
 263    21.361   -29.605     0.000 1175   -1   -1   -1
 264    19.534    28.471     0.000  269   -1   -1   -1
 265    19.461    27.266     0.000  288   -1   -1   -1
 266    19.986     9.082     0.000  545   -1   -1   -1
 267    21.093   -26.541     0.000 1120   -1   -1   -1
 268    21.096   -28.786     0.000 1161   -1   -1   -1
 269    19.721    15.134     0.000  458   -1   -1   -1
 270    20.010     4.569     0.000  618   -1   -1   -1
 271    19.960     0.251     0.000  691   -1   -1   -1
 272    18.353    52.039     0.000   15   -1   -1   -1
 273    20.215   -17.531     0.000  993   -1   -1   -1
 274    18.898    24.880     0.000  318   -1   -1   -1
 275    17.916    53.701     0.000    0   -1   -1   -1
 276    17.880    52.498     0.000   10   -1   -1   -1
 277    19.772   -12.035     0.000  912   -1   -1   -1
 278    18.352    30.282     0.000  248   -1   -1   -1
 279    18.108    36.266     0.000  163   -1   -1   -1
 280    19.652   -19.909     0.000 1029   -1   -1   -1
 281    19.261   -10.992     0.000  891   -1   -1   -1
 282    18.010    15.648     0.000  452   -1   -1   -1
 283    17.212    39.007     0.000  125   -1   -1   -1
 284    19.258   -26.829     0.000 1123   -1   -1   -1
 285    17.315    34.457     0.000  186   -1   -1   -1
 286    18.945   -18.413     0.000 1002   -1   -1   -1
 287    18.358    -1.176     0.000  716   -1   -1   -1
 288    17.279    31.050     0.000  238   -1   -1   -1
 289    17.410    21.858     0.000  356   -1   -1   -1
 290    18.569   -15.561     0.000  970   -1   -1   -1
 291    17.624    13.142     0.000  484   -1   -1   -1
 292    16.873    37.656     0.000  148   -1   -1   -1
 293    18.920   -28.573     0.000 1158   -1   -1   -1
 294    17.215    25.613     0.000  311   -1   -1   -1
 295    18.722   -26.818     0.000 1121   -1   -1   -1
 296    17.338    11.417     0.000  512   -1   -1   -1
 297    18.202   -25.801     0.000 1112   -1   -1   -1
 298    16.291    34.266     0.000  191   -1   -1   -1
 299    18.251   -28.688     0.000 1159   -1   -1   -1
 300    16.834     4.044     0.000  627   -1   -1   -1
 301    17.561   -20.666     0.000 1043   -1   -1   -1
 302    16.630     8.454     0.000  553   -1   -1   -1
 303    17.491   -21.524     0.000 1055   -1   -1   -1
 304    15.947    26.060     0.000  303   -1   -1   -1
 305    16.695     1.058     0.000  677   -1   -1   -1
 306    16.898    -6.627     0.000  815   -1   -1   -1
 307    15.446    39.414     0.000  120   -1   -1   -1
 308    16.984   -11.505     0.000  905   -1   -1   -1
 309    15.048    49.249     0.000   33   -1   -1   -1
 310    17.459   -28.258     0.000 1150   -1   -1   -1
 311    16.093    12.789     0.000  489   -1   -1   -1
 312    15.224    40.535     0.000  109   -1   -1   -1
 313    16.898   -14.818     0.000  957   -1   -1   -1
 314    17.351   -29.836     0.000 1176   -1   -1   -1
 315    14.725    52.217     0.000   11   -1   -1   -1
 316    17.065   -26.993     0.000 1125   -1   -1   -1
 317    15.293    28.164     0.000  274   -1   -1   -1
 318    15.412    17.365     0.000  424   -1   -1   -1
 319    16.844   -28.558     0.000 1157   -1   -1   -1
 320    14.485    45.822     0.000   59   -1   -1   -1
 321    15.807     1.331     0.000  670   -1   -1   -1
 322    16.570   -23.192     0.000 1077   -1   -1   -1
 323    14.399    43.847     0.000   74   -1   -1   -1
 324    16.527   -27.003     0.000 1124   -1   -1   -1
 325    16.260   -25.062     0.000 1107   -1   -1   -1
 326    14.375    26.067     0.000  302   -1   -1   -1
 327    15.528   -12.897     0.000  921   -1   -1   -1
 328    14.519    18.653     0.000  407   -1   -1   -1
 329    13.581    47.947     0.000   44   -1   -1   -1
 330    14.516    10.386     0.000  524   -1   -1   -1
 331    15.384   -17.273     0.000  984   -1   -1   -1
 332    14.136    21.935     0.000  354   -1   -1   -1
 333    13.365    46.254     0.000   57   -1   -1   -1
 334    14.896    -6.201     0.000  804   -1   -1   -1
 335    14.140    15.969     0.000  445   -1   -1   -1
 336    15.290   -22.939     0.000 1067   -1   -1   -1
 337    13.445    31.225     0.000  233   -1   -1   -1
 338    13.998    12.788     0.000  487   -1   -1   -1
 339    14.625    -7.707     0.000  836   -1   -1   -1
 340    14.803   -13.885     0.000  936   -1   -1   -1
 341    14.429    -2.366     0.000  732   -1   -1   -1
 342    14.646   -11.564     0.000  904   -1   -1   -1
 343    14.058     4.606     0.000  615   -1   -1   -1
 344    14.785   -21.407     0.000 1049   -1   -1   -1
 345    13.035    32.652     0.000  214   -1   -1   -1
 346    13.161    27.960     0.000  279   -1   -1   -1
 347    14.691   -20.288     0.000 1033   -1   -1   -1
 348    14.915   -28.607     0.000 1156   -1   -1   -1
 349    13.870     3.585     0.000  633   -1   -1   -1
 350    13.790     5.667     0.000  600   -1   -1   -1
 351    13.030    29.595     0.000  259   -1   -1   -1
 352    14.648   -23.064     0.000 1073   -1   -1   -1
 353    13.610     8.009     0.000  559   -1   -1   -1
 354    14.227   -11.574     0.000  903   -1   -1   -1
 355    14.044    -7.054     0.000  819   -1   -1   -1
 356    14.043    -8.964     0.000  858   -1   -1   -1
 357    12.364    43.454     0.000   79   -1   -1   -1
 358    12.558    36.923     0.000  156   -1   -1   -1
 359    14.274   -21.531     0.000 1050   -1   -1   -1
 360    12.099    44.916     0.000   65   -1   -1   -1
 361    11.869    49.042     0.000   34   -1   -1   -1
 362    13.210     4.587     0.000  614   -1   -1   -1
 363    12.485    23.710     0.000  329   -1   -1   -1
 364    12.581    20.110     0.000  386   -1   -1   -1
 365    13.154     1.738     0.000  658   -1   -1   -1
 366    12.535    20.364     0.000  381   -1   -1   -1
 367    13.470   -11.479     0.000  901   -1   -1   -1
 368    11.694    44.119     0.000   72   -1   -1   -1
 369    13.250    -6.420     0.000  808   -1   -1   -1
 370    12.894     2.656     0.000  646   -1   -1   -1
 371    11.572    44.572     0.000   68   -1   -1   -1
 372    12.713     3.037     0.000  640   -1   -1   -1
 373    12.375     9.294     0.000  534   -1   -1   -1
 374    13.301   -20.063     0.000 1028   -1   -1   -1
 375    11.310    41.763     0.000   96   -1   -1   -1
 376    13.531   -28.232     0.000 1146   -1   -1   -1
 377    12.538     1.692     0.000  659   -1   -1   -1
 378    11.727    25.872     0.000  306   -1   -1   -1
 379    13.014   -18.628     0.000 1004   -1   -1   -1
 380    13.364   -29.635     0.000 1173   -1   -1   -1
 381    12.437    -3.612     0.000  753   -1   -1   -1
 382    11.632    20.088     0.000  387   -1   -1   -1
 383    11.298    29.311     0.000  263   -1   -1   -1
 384    12.193     0.539     0.000  683   -1   -1   -1
 385    12.937   -22.824     0.000 1066   -1   -1   -1
 386    12.036     2.881     0.000  642   -1   -1   -1
 387    11.571    16.629     0.000  433   -1   -1   -1
 388    12.433   -10.439     0.000  883   -1   -1   -1
 389    11.338    21.873     0.000  355   -1   -1   -1
 390    11.295    22.909     0.000  339   -1   -1   -1
 391    12.507   -17.024     0.000  978   -1   -1   -1
 392    12.612   -21.679     0.000 1054   -1   -1   -1
 393    11.391    13.330     0.000  477   -1   -1   -1
 394    10.490    40.581     0.000  108   -1   -1   -1
 395    12.584   -25.019     0.000 1104   -1   -1   -1
 396    11.482     7.872     0.000  560   -1   -1   -1
 397    11.019    21.530     0.000  362   -1   -1   -1
 398    11.489     5.637     0.000  598   -1   -1   -1
 399    10.345    37.825     0.000  145   -1   -1   -1
 400    12.400   -28.446     0.000 1151   -1   -1   -1
 401    10.502    28.111     0.000  272   -1   -1   -1
 402    12.052   -20.451     0.000 1038   -1   -1   -1
 403    10.935    13.332     0.000  475   -1   -1   -1
 404    10.726    15.746     0.000  449   -1   -1   -1
 405    10.775    13.053     0.000  483   -1   -1   -1
 406     9.797    43.232     0.000   81   -1   -1   -1
 407    11.365    -7.571     0.000  828   -1   -1   -1
 408    11.066     1.008     0.000  674   -1   -1   -1
 409    11.070     0.260     0.000  688   -1   -1   -1
 410    10.375    19.915     0.000  390   -1   -1   -1
 411    10.563    13.490     0.000  473   -1   -1   -1
 412    11.016    -2.616     0.000  736   -1   -1   -1
 413    11.388   -15.052     0.000  958   -1   -1   -1
 414     9.488    42.499     0.000   91   -1   -1   -1
 415    11.226   -12.148     0.000  911   -1   -1   -1
 416    11.024    -7.433     0.000  824   -1   -1   -1
 417    11.444   -25.064     0.000 1105   -1   -1   -1
 418     9.516    32.973     0.000  209   -1   -1   -1
 419     9.413    34.197     0.000  192   -1   -1   -1
 420    11.183   -21.712     0.000 1053   -1   -1   -1
 421    10.569    -3.229     0.000  744   -1   -1   -1
 422    11.396   -28.570     0.000 1152   -1   -1   -1
 423     9.422    32.304     0.000  216   -1   -1   -1
 424    11.417   -29.741     0.000 1174   -1   -1   -1
 425     8.883    42.881     0.000   86   -1   -1   -1
 426    10.653   -13.135     0.000  924   -1   -1   -1
 427    10.540   -13.990     0.000  935   -1   -1   -1
 428     9.159    25.015     0.000  315   -1   -1   -1
 429     9.879     0.256     0.000  686   -1   -1   -1
 430     8.571    40.935     0.000  105   -1   -1   -1
 431     9.968    -6.526     0.000  809   -1   -1   -1
 432     9.647    -3.356     0.000  747   -1   -1   -1
 433     8.780    21.335     0.000  367   -1   -1   -1
 434     9.613    -4.928     0.000  784   -1   -1   -1
 435     8.073    43.061     0.000   84   -1   -1   -1
 436     9.313     3.683     0.000  628   -1   -1   -1
 437     8.694    16.810     0.000  431   -1   -1   -1
 438     7.565    51.529     0.000   19   -1   -1   -1
 439     9.001     5.469     0.000  602   -1   -1   -1
 440     9.628   -22.554     0.000 1061   -1   -1   -1
 441     7.605    36.155     0.000  165   -1   -1   -1
 442     9.371   -19.293     0.000 1011   -1   -1   -1
 443     7.486    37.010     0.000  154   -1   -1   -1
 444     7.664    29.473     0.000  260   -1   -1   -1
 445     8.280     9.202     0.000  535   -1   -1   -1
 446     8.308     2.372     0.000  647   -1   -1   -1
 447     9.264   -28.222     0.000 1144   -1   -1   -1
 448     8.263     0.971     0.000  673   -1   -1   -1
 449     7.421    25.981     0.000  301   -1   -1   -1
 450     7.722    13.210     0.000  481   -1   -1   -1
 451     7.734    11.516     0.000  508   -1   -1   -1
 452     8.532   -17.489     0.000  985   -1   -1   -1
 453     8.020    -2.911     0.000  737   -1   -1   -1
 454     6.815    33.496     0.000  200   -1   -1   -1
 455     7.406    13.451     0.000  472   -1   -1   -1
 456     6.424    40.973     0.000  104   -1   -1   -1
 457     8.723   -29.600     0.000 1170   -1   -1   -1
 458     8.403   -20.639     0.000 1039   -1   -1   -1
 459     7.009    20.791     0.000  374   -1   -1   -1
 460     8.135   -15.723     0.000  968   -1   -1   -1
 461     8.402   -28.496     0.000 1148   -1   -1   -1
 462     6.640    22.936     0.000  337   -1   -1   -1
 463     6.911    10.017     0.000  525   -1   -1   -1
 464     7.364    -4.130     0.000  766   -1   -1   -1
 465     7.978   -22.557     0.000 1060   -1   -1   -1
 466     7.607   -12.582     0.000  915   -1   -1   -1
 467     7.170    -0.999     0.000  708   -1   -1   -1
 468     5.951    35.505     0.000  177   -1   -1   -1
 469     6.010    33.301     0.000  205   -1   -1   -1
 470     7.847   -24.960     0.000 1101   -1   -1   -1
 471     7.913   -28.158     0.000 1139   -1   -1   -1
 472     6.877    -4.393     0.000  774   -1   -1   -1
 473     5.443    39.581     0.000  117   -1   -1   -1
 474     5.628    22.484     0.000  340   -1   -1   -1
 475     5.734    17.186     0.000  425   -1   -1   -1
 476     7.205   -28.826     0.000 1154   -1   -1   -1
 477     5.861     6.663     0.000  577   -1   -1   -1
 478     6.480   -13.795     0.000  931   -1   -1   -1
 479     6.961   -28.135     0.000 1137   -1   -1   -1
 480     5.929    -0.171     0.000  694   -1   -1   -1
 481     4.890    31.202     0.000  232   -1   -1   -1
 482     6.220   -11.652     0.000  900   -1   -1   -1
 483     5.870    -4.272     0.000  767   -1   -1   -1
 484     6.270   -16.216     0.000  973   -1   -1   -1
 485     5.528     0.817     0.000  675   -1   -1   -1
 486     5.147    11.623     0.000  504   -1   -1   -1
 487     5.543    -2.669     0.000  733   -1   -1   -1
 488     4.047    41.798     0.000   94   -1   -1   -1
 489     4.060    34.116     0.000  194   -1   -1   -1
 490     5.914   -22.352     0.000 1058   -1   -1   -1
 491     5.159    -0.189     0.000  693   -1   -1   -1
 492     4.211    26.082     0.000  299   -1   -1   -1
 493     3.705    40.966     0.000  103   -1   -1   -1
 494     5.989   -29.860     0.000 1172   -1   -1   -1
 495     4.032    27.418     0.000  282   -1   -1   -1
 496     5.385   -14.719     0.000  949   -1   -1   -1
 497     3.637    37.909     0.000  139   -1   -1   -1
 498     5.732   -28.335     0.000 1143   -1   -1   -1
 499     2.961    47.392     0.000   48   -1   -1   -1
 500     3.670    21.504     0.000  359   -1   -1   -1
 501     3.371    23.492     0.000  330   -1   -1   -1
 502     3.832     8.198     0.000  552   -1   -1   -1
 503     3.780     8.845     0.000  542   -1   -1   -1
 504     4.261   -10.529     0.000  880   -1   -1   -1
 505     4.350   -14.799     0.000  952   -1   -1   -1
 506     4.819   -29.652     0.000 1169   -1   -1   -1
 507     3.913    -5.417     0.000  791   -1   -1   -1
 508     2.877    21.593     0.000  357   -1   -1   -1
 509     4.171   -17.541     0.000  983   -1   -1   -1
 510     2.748    17.053     0.000  426   -1   -1   -1
 511     3.170     3.442     0.000  630   -1   -1   -1
 512     2.505    22.077     0.000  345   -1   -1   -1
 513     3.061     4.160     0.000  619   -1   -1   -1
 514     1.844    32.149     0.000  218   -1   -1   -1
 515     3.144    -8.201     0.000  840   -1   -1   -1
 516     1.848    27.795     0.000  280   -1   -1   -1
 517     2.498     7.135     0.000  565   -1   -1   -1
 518     2.969    -7.118     0.000  817   -1   -1   -1
 519     1.645    31.617     0.000  225   -1   -1   -1
 520     1.736    28.001     0.000  273   -1   -1   -1
 521     3.188   -21.473     0.000 1045   -1   -1   -1
 522     3.039   -17.746     0.000  987   -1   -1   -1
 523     1.813    17.237     0.000  422   -1   -1   -1
 524     0.774    46.774     0.000   53   -1   -1   -1
 525     3.271   -30.633     0.000 1178   -1   -1   -1
 526     3.124   -28.335     0.000 1141   -1   -1   -1
 527     2.965   -25.009     0.000 1098   -1   -1   -1
 528     0.448    49.609     0.000   28   -1   -1   -1
 529     2.263    -6.611     0.000  805   -1   -1   -1
 530     2.008     0.481     0.000  680   -1   -1   -1
 531     2.144    -5.727     0.000  797   -1   -1   -1
 532     1.190    20.667     0.000  375   -1   -1   -1
 533     0.402    42.547     0.000   88   -1   -1   -1
 534     2.411   -18.795     0.000 1001   -1   -1   -1
 535     0.473    37.735     0.000  146   -1   -1   -1
 536     1.519     4.010     0.000  621   -1   -1   -1
 537     1.089    16.425     0.000  434   -1   -1   -1
 538     1.765    -5.682     0.000  795   -1   -1   -1
 539     1.556    -3.836     0.000  752   -1   -1   -1
 540     0.608    23.227     0.000  332   -1   -1   -1
 541     0.331    29.791     0.000  254   -1   -1   -1
 542     1.010     8.597     0.000  551   -1   -1   -1
 543     1.239    -0.966     0.000  703   -1   -1   -1
 544     1.797   -20.775     0.000 1037   -1   -1   -1
 545     1.036     1.219     0.000  667   -1   -1   -1
 546     0.519    16.455     0.000  432   -1   -1   -1
 547     0.320    19.154     0.000  399   -1   -1   -1
 548     0.924    -2.312     0.000  722   -1   -1   -1
 549     1.492   -30.625     0.000 1177   -1   -1   -1
 550    -1.033    43.044     0.000   83   -1   -1   -1
 551    -0.021    11.456     0.000  506   -1   -1   -1
 552    -0.441    23.849     0.000  325   -1   -1   -1
 553     0.823   -14.448     0.000  941   -1   -1   -1
 554     0.820   -17.502     0.000  980   -1   -1   -1
 555     1.114   -29.626     0.000 1164   -1   -1   -1
 556    -0.161     1.317     0.000  662   -1   -1   -1
 557    -1.139    21.088     0.000  368   -1   -1   -1
 558     0.105   -19.545     0.000 1010   -1   -1   -1
 559    -1.774    33.541     0.000  198   -1   -1   -1
 560    -0.987     6.055     0.000  587   -1   -1   -1
 561    -1.772    27.257     0.000  284   -1   -1   -1
 562    -2.428    45.635     0.000   60   -1   -1   -1
 563    -0.784    -3.952     0.000  754   -1   -1   -1
 564    -2.081    34.150     0.000  190   -1   -1   -1
 565    -1.460    13.091     0.000  478   -1   -1   -1
 566    -2.879    49.883     0.000   26   -1   -1   -1
 567    -0.713   -18.033     0.000  991   -1   -1   -1
 568    -1.532     2.728     0.000  639   -1   -1   -1
 569    -2.742    38.717     0.000  128   -1   -1   -1
 570    -2.115    15.284     0.000  453   -1   -1   -1
 571    -1.835    -1.147     0.000  706   -1   -1   -1
 572    -3.098    31.671     0.000  224   -1   -1   -1
 573    -1.386   -23.001     0.000 1063   -1   -1   -1
 574    -1.733   -14.821     0.000  947   -1   -1   -1
 575    -1.318   -28.364     0.000 1135   -1   -1   -1
 576    -3.565    35.919     0.000  172   -1   -1   -1
 577    -3.704    38.144     0.000  138   -1   -1   -1
 578    -1.599   -25.077     0.000 1096   -1   -1   -1
 579    -2.467    -3.379     0.000  741   -1   -1   -1
 580    -3.437    21.867     0.000  351   -1   -1   -1
 581    -3.885    32.835     0.000  210   -1   -1   -1
 582    -3.774    29.149     0.000  262   -1   -1   -1
 583    -3.367    16.761     0.000  429   -1   -1   -1
 584    -2.397   -11.715     0.000  894   -1   -1   -1
 585    -2.320   -19.346     0.000 1006   -1   -1   -1
 586    -3.155     3.951     0.000  620   -1   -1   -1
 587    -3.498    13.064     0.000  476   -1   -1   -1
 588    -2.036   -29.863     0.000 1168   -1   -1   -1
 589    -2.548   -17.020     0.000  975   -1   -1   -1
 590    -3.697    12.415     0.000  490   -1   -1   -1
 591    -3.928    17.974     0.000  413   -1   -1   -1
 592    -3.615     8.744     0.000  540   -1   -1   -1
 593    -3.521     3.260     0.000  632   -1   -1   -1
 594    -4.860    38.814     0.000  127   -1   -1   -1
 595    -3.434    -4.886     0.000  779   -1   -1   -1
 596    -4.665    29.728     0.000  255   -1   -1   -1
 597    -3.833     1.579     0.000  656   -1   -1   -1
 598    -5.230    38.695     0.000  129   -1   -1   -1
 599    -5.111    34.037     0.000  193   -1   -1   -1
 600    -4.776    22.733     0.000  338   -1   -1   -1
 601    -5.287    35.840     0.000  173   -1   -1   -1
 602    -3.578   -14.981     0.000  948   -1   -1   -1
 603    -5.346    34.879     0.000  179   -1   -1   -1
 604    -3.645   -18.588     0.000  997   -1   -1   -1
 605    -4.356    -0.848     0.000  700   -1   -1   -1
 606    -5.747    36.012     0.000  167   -1   -1   -1
 607    -5.572    27.189     0.000  285   -1   -1   -1
 608    -5.162    11.929     0.000  495   -1   -1   -1
 609    -5.533    21.907     0.000  347   -1   -1   -1
 610    -4.888     2.895     0.000  637   -1   -1   -1
 611    -5.829    26.030     0.000  296   -1   -1   -1
 612    -6.223    37.583     0.000  147   -1   -1   -1
 613    -6.086    32.662     0.000  212   -1   -1   -1
 614    -6.222    35.896     0.000  171   -1   -1   -1
 615    -4.526   -14.499     0.000  937   -1   -1   -1
 616    -4.443   -19.682     0.000 1008   -1   -1   -1
 617    -4.298   -25.066     0.000 1094   -1   -1   -1
 618    -4.987    -5.894     0.000  796   -1   -1   -1
 619    -5.110    -2.695     0.000  726   -1   -1   -1
 620    -6.272    30.637     0.000  242   -1   -1   -1
 621    -6.128    25.258     0.000  312   -1   -1   -1
 622    -6.167    26.221     0.000  294   -1   -1   -1
 623    -5.002   -10.682     0.000  877   -1   -1   -1
 624    -6.520    29.864     0.000  250   -1   -1   -1
 625    -6.003    13.618     0.000  467   -1   -1   -1
 626    -5.386    -8.103     0.000  830   -1   -1   -1
 627    -5.570    -3.515     0.000  742   -1   -1   -1
 628    -5.808    -5.826     0.000  793   -1   -1   -1
 629    -6.472     6.508     0.000  575   -1   -1   -1
 630    -7.902    46.991     0.000   50   -1   -1   -1
 631    -8.060    46.326     0.000   55   -1   -1   -1
 632    -7.816    38.793     0.000  126   -1   -1   -1
 633    -7.526    29.907     0.000  249   -1   -1   -1
 634    -6.183   -13.668     0.000  926   -1   -1   -1
 635    -6.060   -18.025     0.000  986   -1   -1   -1
 636    -7.562    19.667     0.000  389   -1   -1   -1
 637    -6.648    -9.260     0.000  854   -1   -1   -1
 638    -8.451    38.399     0.000  137   -1   -1   -1
 639    -7.332     5.379     0.000  593   -1   -1   -1
 640    -7.702    13.570     0.000  468   -1   -1   -1
 641    -7.650     8.834     0.000  536   -1   -1   -1
 642    -7.979    14.870     0.000  455   -1   -1   -1
 643    -8.389    26.456     0.000  290   -1   -1   -1
 644    -6.447   -29.996     0.000 1167   -1   -1   -1
 645    -7.762     6.906     0.000  566   -1   -1   -1
 646    -6.713   -22.794     0.000 1059   -1   -1   -1
 647    -7.034   -15.344     0.000  954   -1   -1   -1
 648    -7.742     2.895     0.000  636   -1   -1   -1
 649    -8.220    15.808     0.000  441   -1   -1   -1
 650    -7.860     3.666     0.000  623   -1   -1   -1
 651    -6.745   -29.342     0.000 1155   -1   -1   -1
 652    -9.099    35.725     0.000  175   -1   -1   -1
 653    -8.912    29.795     0.000  252   -1   -1   -1
 654    -7.417   -14.304     0.000  934   -1   -1   -1
 655    -7.744    -8.261     0.000  834   -1   -1   -1
 656    -7.901    -4.683     0.000  771   -1   -1   -1
 657    -9.308    31.384     0.000  227   -1   -1   -1
 658    -7.964    -7.665     0.000  821   -1   -1   -1
 659    -8.717     4.396     0.000  610   -1   -1   -1
 660    -7.776   -23.720     0.000 1070   -1   -1   -1
 661   -10.144    41.696     0.000   95   -1   -1   -1
 662    -8.072   -18.939     0.000  999   -1   -1   -1
 663    -9.237    11.040     0.000  510   -1   -1   -1
 664    -8.189   -21.419     0.000 1042   -1   -1   -1
 665   -10.663    47.390     0.000   47   -1   -1   -1
 666   -10.179    30.857     0.000  234   -1   -1   -1
 667   -10.045    25.359     0.000  308   -1   -1   -1
 668    -9.665    10.302     0.000  521   -1   -1   -1
 669    -8.609   -20.895     0.000 1030   -1   -1   -1
 670   -11.137    48.507     0.000   39   -1   -1   -1
 671   -11.127    45.971     0.000   58   -1   -1   -1
 672    -8.782   -25.050     0.000 1091   -1   -1   -1
 673    -8.932   -22.044     0.000 1046   -1   -1   -1
 674   -11.110    39.825     0.000  115   -1   -1   -1
 675   -10.148     8.715     0.000  538   -1   -1   -1
 676    -9.567    -9.799     0.000  860   -1   -1   -1
 677   -11.379    37.765     0.000  140   -1   -1   -1
 678   -10.824    19.867     0.000  384   -1   -1   -1
 679    -9.291   -24.397     0.000 1082   -1   -1   -1
 680   -10.937    13.861     0.000  465   -1   -1   -1
 681   -11.116    18.767     0.000  400   -1   -1   -1
 682    -9.985   -18.517     0.000  995   -1   -1   -1
 683   -10.969     7.091     0.000  563   -1   -1   -1
 684   -12.460    48.936     0.000   35   -1   -1   -1
 685   -11.953    32.934     0.000  208   -1   -1   -1
 686   -10.218   -20.327     0.000 1021   -1   -1   -1
 687   -12.248    36.005     0.000  162   -1   -1   -1
 688   -11.227     2.329     0.000  643   -1   -1   -1
 689   -11.311     4.075     0.000  613   -1   -1   -1
 690   -12.272    31.628     0.000  222   -1   -1   -1
 691   -12.702    42.181     0.000   92   -1   -1   -1
 692   -11.196    -1.543     0.000  709   -1   -1   -1
 693   -12.936    48.423     0.000   41   -1   -1   -1
 694   -12.288    27.822     0.000  275   -1   -1   -1
 695   -11.277    -1.132     0.000  701   -1   -1   -1
 696   -10.598   -21.492     0.000 1041   -1   -1   -1
 697   -11.059    -8.798     0.000  844   -1   -1   -1
 698   -11.796    11.294     0.000  505   -1   -1   -1
 699   -12.704    37.351     0.000  150   -1   -1   -1
 700   -11.262    -4.117     0.000  751   -1   -1   -1
 701   -10.581   -29.206     0.000 1149   -1   -1   -1
 702   -12.605    25.616     0.000  305   -1   -1   -1
 703   -12.322    12.942     0.000  474   -1   -1   -1
 704   -11.619    -8.939     0.000  845   -1   -1   -1
 705   -13.413    42.391     0.000   90   -1   -1   -1
 706   -11.380   -17.574     0.000  976   -1   -1   -1
 707   -10.945   -30.095     0.000 1165   -1   -1   -1
 708   -11.137   -28.686     0.000 1134   -1   -1   -1
 709   -12.573     6.788     0.000  567   -1   -1   -1
 710   -12.164   -10.298     0.000  866   -1   -1   -1
 711   -12.088   -13.029     0.000  913   -1   -1   -1
 712   -12.088   -14.063     0.000  928   -1   -1   -1
 713   -14.100    38.458     0.000  134   -1   -1   -1
 714   -12.221   -15.267     0.000  951   -1   -1   -1
 715   -12.285   -14.766     0.000  938   -1   -1   -1
 716   -12.477   -10.495     0.000  871   -1   -1   -1
 717   -13.111     7.030     0.000  564   -1   -1   -1
 718   -14.170    30.991     0.000  231   -1   -1   -1
 719   -14.756    46.195     0.000   56   -1   -1   -1
 720   -14.800    43.534     0.000   76   -1   -1   -1
 721   -13.982    16.671     0.000  428   -1   -1   -1
 722   -13.689     8.360     0.000  547   -1   -1   -1
 723   -13.617     3.422     0.000  625   -1   -1   -1
 724   -13.380    -4.994     0.000  775   -1   -1   -1
 725   -13.792     5.877     0.000  584   -1   -1   -1
 726   -14.316    20.530     0.000  373   -1   -1   -1
 727   -14.429    21.716     0.000  350   -1   -1   -1
 728   -13.183   -16.104     0.000  963   -1   -1   -1
 729   -13.577    -8.512     0.000  837   -1   -1   -1
 730   -15.438    43.020     0.000   82   -1   -1   -1
 731   -15.039    25.870     0.000  297   -1   -1   -1
 732   -13.172   -28.895     0.000 1140   -1   -1   -1
 733   -14.405     3.093     0.000  629   -1   -1   -1
 734   -14.512    -0.046     0.000  681   -1   -1   -1
 735   -14.735     5.208     0.000  594   -1   -1   -1
 736   -14.996    11.022     0.000  509   -1   -1   -1
 737   -15.078    12.809     0.000  480   -1   -1   -1
 738   -14.691    -0.526     0.000  690   -1   -1   -1
 739   -14.565    -5.646     0.000  786   -1   -1   -1
 740   -15.154     8.637     0.000  537   -1   -1   -1
 741   -15.159     7.734     0.000  554   -1   -1   -1
 742   -16.346    41.191     0.000   99   -1   -1   -1
 743   -15.930    26.988     0.000  286   -1   -1   -1
 744   -16.220    34.572     0.000  182   -1   -1   -1
 745   -13.962   -29.208     0.000 1147   -1   -1   -1
 746   -15.796    18.310     0.000  405   -1   -1   -1
 747   -15.667    14.221     0.000  461   -1   -1   -1
 748   -15.319     3.374     0.000  626   -1   -1   -1
 749   -15.328    -0.347     0.000  687   -1   -1   -1
 750   -16.988    42.742     0.000   85   -1   -1   -1
 751   -15.804     4.958     0.000  601   -1   -1   -1
 752   -14.800   -23.640     0.000 1064   -1   -1   -1
 753   -14.733   -25.487     0.000 1095   -1   -1   -1
 754   -15.946     5.487     0.000  590   -1   -1   -1
 755   -16.402    13.179     0.000  470   -1   -1   -1
 756   -16.099     4.505     0.000  605   -1   -1   -1
 757   -17.375    35.830     0.000  170   -1   -1   -1
 758   -15.737   -10.579     0.000  870   -1   -1   -1
 759   -15.616   -16.038     0.000  960   -1   -1   -1
 760   -17.645    38.888     0.000  123   -1   -1   -1
 761   -16.350    -0.925     0.000  696   -1   -1   -1
 762   -16.471     0.881     0.000  665   -1   -1   -1
 763   -17.095    16.991     0.000  420   -1   -1   -1
 764   -15.872   -19.218     0.000 1000   -1   -1   -1
 765   -16.592    -3.287     0.000  735   -1   -1   -1
 766   -16.508    -6.258     0.000  798   -1   -1   -1
 767   -16.738    -2.511     0.000  718   -1   -1   -1
 768   -16.368   -13.235     0.000  914   -1   -1   -1
 769   -18.472    45.281     0.000   62   -1   -1   -1
 770   -18.223    37.659     0.000  141   -1   -1   -1
 771   -18.004    31.030     0.000  229   -1   -1   -1
 772   -17.283    10.558     0.000  515   -1   -1   -1
 773   -18.027    29.584     0.000  253   -1   -1   -1
 774   -16.712    -9.284     0.000  847   -1   -1   -1
 775   -18.031    23.711     0.000  322   -1   -1   -1
 776   -16.884    -8.424     0.000  831   -1   -1   -1
 777   -17.436     5.128     0.000  595   -1   -1   -1
 778   -17.301    -1.887     0.000  713   -1   -1   -1
 779   -17.656     3.427     0.000  624   -1   -1   -1
 780   -18.132    16.449     0.000  430   -1   -1   -1
 781   -17.974    11.856     0.000  493   -1   -1   -1
 782   -16.535   -27.546     0.000 1115   -1   -1   -1
 783   -17.580    -4.728     0.000  765   -1   -1   -1
 784   -18.525    12.093     0.000  491   -1   -1   -1
 785   -17.721   -13.884     0.000  923   -1   -1   -1
 786   -19.429    32.483     0.000  213   -1   -1   -1
 787   -19.606    34.043     0.000  188   -1   -1   -1
 788   -17.842   -18.086     0.000  981   -1   -1   -1
 789   -19.665    30.584     0.000  239   -1   -1   -1
 790   -19.374    19.763     0.000  383   -1   -1   -1
 791   -18.637    -1.040     0.000  697   -1   -1   -1
 792   -18.451    -7.328     0.000  811   -1   -1   -1
 793   -19.007     5.068     0.000  596   -1   -1   -1
 794   -19.574    19.800     0.000  382   -1   -1   -1
 795   -19.661    17.941     0.000  410   -1   -1   -1
 796   -19.213     0.904     0.000  661   -1   -1   -1
 797   -19.123    -2.606     0.000  719   -1   -1   -1
 798   -19.071    -6.094     0.000  792   -1   -1   -1
 799   -21.057    44.343     0.000   69   -1   -1   -1
 800   -20.882    38.882     0.000  122   -1   -1   -1
 801   -19.406    -8.539     0.000  833   -1   -1   -1
 802   -20.533    22.055     0.000  342   -1   -1   -1
 803   -21.906    47.675     0.000   45   -1   -1   -1
 804   -20.944    19.923     0.000  379   -1   -1   -1
 805   -21.890    44.463     0.000   66   -1   -1   -1
 806   -19.507   -25.359     0.000 1090   -1   -1   -1
 807   -21.388    25.111     0.000  309   -1   -1   -1
 808   -20.672     5.153     0.000  592   -1   -1   -1
 809   -21.113    17.078     0.000  418   -1   -1   -1
 810   -21.713    33.048     0.000  203   -1   -1   -1
 811   -19.818   -18.812     0.000  994   -1   -1   -1
 812   -20.772     5.941     0.000  582   -1   -1   -1
 813   -21.887    36.942     0.000  151   -1   -1   -1
 814   -20.019   -15.020     0.000  939   -1   -1   -1
 815   -21.023    11.287     0.000  499   -1   -1   -1
 816   -21.344    17.041     0.000  419   -1   -1   -1
 817   -21.102     9.403     0.000  527   -1   -1   -1
 818   -20.278   -15.198     0.000  942   -1   -1   -1
 819   -20.962    -3.218     0.000  730   -1   -1   -1
 820   -21.040    -3.384     0.000  734   -1   -1   -1
 821   -22.703    38.749     0.000  124   -1   -1   -1
 822   -20.460   -24.243     0.000 1074   -1   -1   -1
 823   -22.072    17.861     0.000  412   -1   -1   -1
 824   -21.336    -5.701     0.000  783   -1   -1   -1
 825   -21.197    -9.575     0.000  851   -1   -1   -1
 826   -21.372    -7.534     0.000  814   -1   -1   -1
 827   -22.088    11.274     0.000  498   -1   -1   -1
 828   -22.049    10.150     0.000  519   -1   -1   -1
 829   -22.433    17.882     0.000  411   -1   -1   -1
 830   -23.513    43.273     0.000   78   -1   -1   -1
 831   -23.039    21.928     0.000  344   -1   -1   -1
 832   -23.112    22.512     0.000  336   -1   -1   -1
 833   -23.025    19.856     0.000  380   -1   -1   -1
 834   -22.884    11.212     0.000  500   -1   -1   -1
 835   -22.868     9.383     0.000  526   -1   -1   -1
 836   -22.234    -9.510     0.000  849   -1   -1   -1
 837   -21.966   -20.411     0.000 1014   -1   -1   -1
 838   -22.819     1.630     0.000  650   -1   -1   -1
 839   -22.812    -3.239     0.000  728   -1   -1   -1
 840   -22.391   -14.682     0.000  933   -1   -1   -1
 841   -22.625    -8.936     0.000  841   -1   -1   -1
 842   -22.674   -10.160     0.000  861   -1   -1   -1
 843   -22.572   -13.998     0.000  922   -1   -1   -1
 844   -23.119     0.132     0.000  676   -1   -1   -1
 845   -24.244    29.639     0.000  251   -1   -1   -1
 846   -23.449     4.655     0.000  603   -1   -1   -1
 847   -23.937    15.970     0.000  435   -1   -1   -1
 848   -23.094    -7.542     0.000  813   -1   -1   -1
 849   -23.865    11.866     0.000  492   -1   -1   -1
 850   -25.147    41.058     0.000  101   -1   -1   -1
 851   -22.559   -29.164     0.000 1136   -1   -1   -1
 852   -23.425   -12.244     0.000  892   -1   -1   -1
 853   -25.788    52.387     0.000    9   -1   -1   -1
 854   -24.775    22.530     0.000  334   -1   -1   -1
 855   -24.667    18.093     0.000  406   -1   -1   -1
 856   -25.774    47.115     0.000   49   -1   -1   -1
 857   -25.726    45.446     0.000   61   -1   -1   -1
 858   -24.971    21.515     0.000  352   -1   -1   -1
 859   -24.239     1.445     0.000  653   -1   -1   -1
 860   -24.704     1.465     0.000  652   -1   -1   -1
 861   -23.798   -22.781     0.000 1051   -1   -1   -1
 862   -24.289   -10.507     0.000  865   -1   -1   -1
 863   -26.501    44.253     0.000   70   -1   -1   -1
 864   -24.810    -6.681     0.000  801   -1   -1   -1
 865   -25.044    -8.339     0.000  822   -1   -1   -1
 866   -26.078    17.303     0.000  414   -1   -1   -1
 867   -25.724     6.163     0.000  573   -1   -1   -1
 868   -24.951   -20.524     0.000 1016   -1   -1   -1
 869   -27.023    30.847     0.000  230   -1   -1   -1
 870   -25.774    -6.177     0.000  790   -1   -1   -1
 871   -26.141     2.573     0.000  634   -1   -1   -1
 872   -26.813    20.017     0.000  378   -1   -1   -1
 873   -26.792    15.420     0.000  442   -1   -1   -1
 874   -26.264    -2.808     0.000  720   -1   -1   -1
 875   -28.256    49.385     0.000   30   -1   -1   -1
 876   -26.534    -0.964     0.000  695   -1   -1   -1
 877   -26.186   -14.769     0.000  932   -1   -1   -1
 878   -28.281    41.162     0.000   97   -1   -1   -1
 879   -26.221   -20.917     0.000 1022   -1   -1   -1
 880   -26.590   -11.676     0.000  884   -1   -1   -1
 881   -28.209    27.876     0.000  270   -1   -1   -1
 882   -28.487    35.387     0.000  176   -1   -1   -1
 883   -28.094    23.549     0.000  323   -1   -1   -1
 884   -28.437    32.903     0.000  206   -1   -1   -1
 885   -27.494     7.057     0.000  561   -1   -1   -1
 886   -27.464     5.153     0.000  591   -1   -1   -1
 887   -27.331    -3.816     0.000  738   -1   -1   -1
 888   -29.029    41.052     0.000  100   -1   -1   -1
 889   -27.199   -12.695     0.000  902   -1   -1   -1
 890   -27.183   -15.488     0.000  944   -1   -1   -1
 891   -27.803     0.538     0.000  669   -1   -1   -1
 892   -28.631    19.544     0.000  385   -1   -1   -1
 893   -27.081   -25.401     0.000 1086   -1   -1   -1
 894   -29.517    39.174     0.000  119   -1   -1   -1
 895   -27.615   -16.659     0.000  966   -1   -1   -1
 896   -27.873   -10.939     0.000  873   -1   -1   -1
 897   -28.253    -3.398     0.000  729   -1   -1   -1
 898   -27.891   -13.973     0.000  919   -1   -1   -1
 899   -29.223    15.378     0.000  443   -1   -1   -1
 900   -28.775    -4.803     0.000  757   -1   -1   -1
 901   -28.891    -8.195     0.000  820   -1   -1   -1
 902   -29.600     5.434     0.000  588   -1   -1   -1
 903   -28.644   -21.274     0.000 1026   -1   -1   -1
 904   -28.992   -16.274     0.000  959   -1   -1   -1
 905   -30.719    28.729     0.000  264   -1   -1   -1
 906   -29.472    -5.175     0.000  768   -1   -1   -1
 907   -29.209   -14.048     0.000  920   -1   -1   -1
 908   -30.163    10.484     0.000  513   -1   -1   -1
 909   -31.643    50.392     0.000   22   -1   -1   -1
 910   -29.694    -4.866     0.000  759   -1   -1   -1
 911   -30.142     2.670     0.000  631   -1   -1   -1
 912   -30.204     1.232     0.000  654   -1   -1   -1
 913   -30.204    -3.356     0.000  727   -1   -1   -1
 914   -31.480    30.514     0.000  236   -1   -1   -1
 915   -29.974    -9.999     0.000  855   -1   -1   -1
 916   -29.652   -21.706     0.000 1035   -1   -1   -1
 917   -30.496    -4.054     0.000  740   -1   -1   -1
 918   -32.329    43.451     0.000   75   -1   -1   -1
 919   -30.302   -12.614     0.000  899   -1   -1   -1
 920   -30.496   -13.992     0.000  918   -1   -1   -1
 921   -31.320     1.460     0.000  648   -1   -1   -1
 922   -30.873   -12.048     0.000  886   -1   -1   -1
 923   -32.139     7.158     0.000  557   -1   -1   -1
 924   -32.782    15.444     0.000  439   -1   -1   -1
 925   -31.543   -16.718     0.000  965   -1   -1   -1
 926   -33.693    39.686     0.000  114   -1   -1   -1
 927   -31.261   -25.573     0.000 1087   -1   -1   -1
 928   -33.395    27.421     0.000  277   -1   -1   -1
 929   -32.442    -2.336     0.000  714   -1   -1   -1
 930   -32.172    -9.335     0.000  843   -1   -1   -1
 931   -32.919     7.910     0.000  550   -1   -1   -1
 932   -33.905    33.123     0.000  199   -1   -1   -1
 933   -34.516    48.324     0.000   40   -1   -1   -1
 934   -34.245    40.023     0.000  112   -1   -1   -1
 935   -32.175   -18.869     0.000  989   -1   -1   -1
 936   -34.222    28.516     0.000  265   -1   -1   -1
 937   -33.829    12.066     0.000  486   -1   -1   -1
 938   -33.861    10.325     0.000  514   -1   -1   -1
 939   -33.207   -11.151     0.000  874   -1   -1   -1
 940   -35.191    36.294     0.000  158   -1   -1   -1
 941   -33.384   -11.249     0.000  875   -1   -1   -1
 942   -34.832    22.346     0.000  335   -1   -1   -1
 943   -35.577    40.037     0.000  111   -1   -1   -1
 944   -35.585    37.460     0.000  143   -1   -1   -1
 945   -33.203   -26.610     0.000 1106   -1   -1   -1
 946   -35.848    35.684     0.000  168   -1   -1   -1
 947   -34.723    -3.144     0.000  721   -1   -1   -1
 948   -36.940    43.984     0.000   71   -1   -1   -1
 949   -37.106    42.432     0.000   87   -1   -1   -1
 950   -35.643    -1.564     0.000  699   -1   -1   -1
 951   -35.542    -5.384     0.000  770   -1   -1   -1
 952   -35.704    -5.991     0.000  782   -1   -1   -1
 953   -37.544    40.298     0.000  107   -1   -1   -1
 954   -37.596    38.190     0.000  136   -1   -1   -1
 955   -37.608    35.732     0.000  164   -1   -1   -1
 956   -35.493   -21.892     0.000 1034   -1   -1   -1
 957   -37.683    31.618     0.000  219   -1   -1   -1
 958   -35.659   -25.814     0.000 1089   -1   -1   -1
 959   -38.587    49.814     0.000   25   -1   -1   -1
 960   -37.816    17.981     0.000  404   -1   -1   -1
 961   -38.051    24.007     0.000  319   -1   -1   -1
 962   -38.267    15.630     0.000  437   -1   -1   -1
 963   -36.631   -25.687     0.000 1085   -1   -1   -1
 964   -39.797    52.031     0.000   12   -1   -1   -1
 965   -37.931     0.368     0.000  666   -1   -1   -1
 966   -37.131   -21.464     0.000 1025   -1   -1   -1
 967   -38.403     7.806     0.000  548   -1   -1   -1
 968   -38.238     3.373     0.000  616   -1   -1   -1
 969   -37.097   -25.346     0.000 1083   -1   -1   -1
 970   -39.616    34.099     0.000  184   -1   -1   -1
 971   -38.759     8.993     0.000  528   -1   -1   -1
 972   -38.940    12.368     0.000  479   -1   -1   -1
 973   -40.106    35.738     0.000  161   -1   -1   -1
 974   -40.194    33.599     0.000  195   -1   -1   -1
 975   -38.533   -17.061     0.000  967   -1   -1   -1
 976   -39.158    -2.253     0.000  711   -1   -1   -1
 977   -39.132    -8.853     0.000  826   -1   -1   -1
 978   -38.877   -18.824     0.000  982   -1   -1   -1
 979   -41.572    47.313     0.000   46   -1   -1   -1
 980   -38.789   -25.254     0.000 1080   -1   -1   -1
 981   -38.880   -23.056     0.000 1048   -1   -1   -1
 982   -39.067   -20.925     0.000 1013   -1   -1   -1
 983   -41.855    49.840     0.000   24   -1   -1   -1
 984   -40.354     5.819     0.000  574   -1   -1   -1
 985   -38.989   -28.835     0.000 1122   -1   -1   -1
 986   -41.099    16.977     0.000  415   -1   -1   -1
 987   -42.109    37.436     0.000  142   -1   -1   -1
 988   -40.360   -10.423     0.000  857   -1   -1   -1
 989   -39.942   -23.711     0.000 1057   -1   -1   -1
 990   -41.508    14.419     0.000  454   -1   -1   -1
 991   -42.626    42.188     0.000   89   -1   -1   -1
 992   -41.165    -7.242     0.000  803   -1   -1   -1
 993   -40.590   -23.532     0.000 1056   -1   -1   -1
 994   -40.567   -26.688     0.000 1102   -1   -1   -1
 995   -43.743    53.127     0.000    3   -1   -1   -1
 996   -41.572    -5.909     0.000  781   -1   -1   -1
 997   -40.628   -29.292     0.000 1130   -1   -1   -1
 998   -41.912     1.546     0.000  645   -1   -1   -1
 999   -41.372   -12.428     0.000  887   -1   -1   -1
1000   -42.029     3.662     0.000  611   -1   -1   -1
1001   -40.860   -25.189     0.000 1078   -1   -1   -1
1002   -40.646   -30.417     0.000 1153   -1   -1   -1
1003   -43.283    29.960     0.000  244   -1   -1   -1
1004   -43.334    27.255     0.000  278   -1   -1   -1
1005   -43.623    26.536     0.000  287   -1   -1   -1
1006   -44.279    43.272     0.000   77   -1   -1   -1
1007   -43.623    24.311     0.000  314   -1   -1   -1
1008   -42.382    -8.485     0.000  818   -1   -1   -1
1009   -42.189   -16.143     0.000  950   -1   -1   -1
1010   -44.528    36.247     0.000  157   -1   -1   -1
1011   -41.831   -31.525     0.000 1171   -1   -1   -1
1012   -45.156    39.094     0.000  118   -1   -1   -1
1013   -44.665    26.217     0.000  289   -1   -1   -1
1014   -43.722     0.251     0.000  663   -1   -1   -1
1015   -44.907    23.803     0.000  321   -1   -1   -1
1016   -45.937    32.588     0.000  207   -1   -1   -1
1017   -43.840   -24.947     0.000 1071   -1   -1   -1
1018   -44.544   -23.215     0.000 1047   -1   -1   -1
1019   -44.626   -21.619     0.000 1023   -1   -1   -1
1020   -44.744   -24.366     0.000 1062   -1   -1   -1
1021   -45.615    -6.566     0.000  787   -1   -1   -1
1022   -46.400     7.898     0.000  539   -1   -1   -1
1023   -44.867   -29.625     0.000 1132   -1   -1   -1
1024   -46.827    16.185     0.000  427   -1   -1   -1
1025   -46.586     3.806     0.000  606   -1   -1   -1
1026   -45.423   -25.367     0.000 1079   -1   -1   -1
1027   -46.747     5.841     0.000  571   -1   -1   -1
1028   -46.704     1.487     0.000  644   -1   -1   -1
1029   -48.291    27.261     0.000  276   -1   -1   -1
1030   -49.526    52.935     0.000    5   -1   -1   -1
1031   -46.793   -30.017     0.000 1138   -1   -1   -1
1032   -48.567     7.746     0.000  543   -1   -1   -1
1033   -47.631   -19.556     0.000  992   -1   -1   -1
1034   -48.605    -2.798     0.000  715   -1   -1   -1
1035   -47.486   -29.795     0.000 1133   -1   -1   -1
1036   -50.053    30.114     0.000  243   -1   -1   -1
1037   -49.455     9.315     0.000  522   -1   -1   -1
1038   -49.542     7.696     0.000  544   -1   -1   -1
1039   -49.496     1.708     0.000  638   -1   -1   -1
1040   -48.663   -19.376     0.000  988   -1   -1   -1
1041   -50.493    16.375     0.000  421   -1   -1   -1
1042   -49.607    -6.462     0.000  785   -1   -1   -1
1043   -49.963    -0.216     0.000  671   -1   -1   -1
1044   -49.138   -28.766     0.000 1116   -1   -1   -1
1045   -50.583     5.451     0.000  578   -1   -1   -1
1046   -50.050    -8.086     0.000  807   -1   -1   -1
1047   -51.662    30.302     0.000  235   -1   -1   -1
1048   -52.040    33.682     0.000  189   -1   -1   -1
1049   -49.896   -21.214     0.000 1012   -1   -1   -1
1050   -52.891    52.940     0.000    4   -1   -1   -1
1051   -51.400     8.178     0.000  531   -1   -1   -1
1052   -50.696   -11.066     0.000  862   -1   -1   -1
1053   -51.479     3.490     0.000  609   -1   -1   -1
1054   -51.746     3.517     0.000  608   -1   -1   -1
1055   -50.750   -20.955     0.000 1007   -1   -1   -1
1056   -53.651    48.158     0.000   42   -1   -1   -1
1057   -51.833    -8.056     0.000  806   -1   -1   -1
1058   -53.393    18.714     0.000  394   -1   -1   -1
1059   -54.080    30.614     0.000  228   -1   -1   -1
1060   -55.495    39.333     0.000  116   -1   -1   -1
1061   -55.955    28.844     0.000  257   -1   -1   -1
1062   -56.409    36.571     0.000  153   -1   -1   -1
1063   -56.093    25.510     0.000  295   -1   -1   -1
1064   -56.105    17.889     0.000  401   -1   -1   -1
1065   -56.833    34.209     0.000  180   -1   -1   -1
1066   -56.215    16.501     0.000  417   -1   -1   -1
1067   -56.478    20.522     0.000  361   -1   -1   -1
1068   -56.492    20.213     0.000  369   -1   -1   -1
1069   -56.516    19.713     0.000  376   -1   -1   -1
1070   -56.479    18.795     0.000  391   -1   -1   -1
1071   -54.585   -28.412     0.000 1113   -1   -1   -1
1072   -56.581    17.799     0.000  402   -1   -1   -1
1073   -56.610    16.585     0.000  416   -1   -1   -1
1074   -57.453    32.623     0.000  204   -1   -1   -1
1075   -58.131    46.661     0.000   51   -1   -1   -1
1076   -57.119    20.350     0.000  364   -1   -1   -1
1077   -58.321    49.542     0.000   27   -1   -1   -1
1078   -57.153    19.688     0.000  377   -1   -1   -1
1079   -57.206    17.450     0.000  408   -1   -1   -1
1080   -57.242    14.721     0.000  444   -1   -1   -1
1081   -58.452    41.483     0.000   93   -1   -1   -1
1082   -55.685   -28.049     0.000 1109   -1   -1   -1
1083   -56.755   -10.503     0.000  850   -1   -1   -1
1084   -58.508    20.381     0.000  363   -1   -1   -1
1085   -57.048   -22.936     0.000 1040   -1   -1   -1
1086   -59.465    31.463     0.000  217   -1   -1   -1
1087   -59.864    38.207     0.000  131   -1   -1   -1
1088   -59.803    33.921     0.000  183   -1   -1   -1
1089   -59.820    34.128     0.000  181   -1   -1   -1
1090   -58.970     5.699     0.000  569   -1   -1   -1
1091   -60.309    36.559     0.000  152   -1   -1   -1
1092   -59.804    23.908     0.000  317   -1   -1   -1
1093   -58.057   -18.069     0.000  972   -1   -1   -1
1094   -57.710   -26.125     0.000 1084   -1   -1   -1
1095   -57.692   -27.094     0.000 1099   -1   -1   -1
1096   -57.619   -30.030     0.000 1131   -1   -1   -1
1097   -60.198    29.437     0.000  247   -1   -1   -1
1098   -58.577   -11.630     0.000  867   -1   -1   -1
1099   -60.362    29.628     0.000  245   -1   -1   -1
1100   -59.610     3.646     0.000  604   -1   -1   -1
1101   -58.585   -22.504     0.000 1031   -1   -1   -1
1102   -59.124   -13.725     0.000  906   -1   -1   -1
1103   -60.502    18.654     0.000  393   -1   -1   -1
1104   -61.101    32.068     0.000  211   -1   -1   -1
1105   -60.198     5.222     0.000  579   -1   -1   -1
1106   -59.528   -14.106     0.000  910   -1   -1   -1
1107   -60.382     3.409     0.000  607   -1   -1   -1
1108   -59.484   -23.978     0.000 1052   -1   -1   -1
1109   -60.293    -7.443     0.000  799   -1   -1   -1
1110   -62.462    43.407     0.000   73   -1   -1   -1
1111   -60.548    -2.781     0.000  712   -1   -1   -1
1112   -60.028   -16.221     0.000  940   -1   -1   -1
1113   -60.998     5.268     0.000  576   -1   -1   -1
1114   -60.416    -9.389     0.000  825   -1   -1   -1
1115   -60.283   -12.978     0.000  888   -1   -1   -1
1116   -61.971    25.088     0.000  300   -1   -1   -1
1117   -63.013    46.358     0.000   54   -1   -1   -1
1118   -61.061    -1.497     0.000  689   -1   -1   -1
1119   -61.763    10.339     0.000  503   -1   -1   -1
1120   -62.111    18.209     0.000  398   -1   -1   -1
1121   -60.645   -16.520     0.000  945   -1   -1   -1
1122   -60.948   -12.488     0.000  882   -1   -1   -1
1123   -61.907     7.508     0.000  541   -1   -1   -1
1124   -63.393    35.401     0.000  169   -1   -1   -1
1125   -61.936   -13.390     0.000  893   -1   -1   -1
1126   -63.827    27.567     0.000  268   -1   -1   -1
1127   -64.176    35.195     0.000  174   -1   -1   -1
1128   -63.246    12.453     0.000  469   -1   -1   -1
1129   -64.838    49.236     0.000   29   -1   -1   -1
1130   -64.529    40.569     0.000  102   -1   -1   -1
1131   -63.049     4.804     0.000  585   -1   -1   -1
1132   -62.895    -2.395     0.000  702   -1   -1   -1
1133   -62.154   -22.212     0.000 1024   -1   -1   -1
1134   -63.923    13.030     0.000  464   -1   -1   -1
1135   -64.206    18.639     0.000  392   -1   -1   -1
1136   -62.478   -25.749     0.000 1075   -1   -1   -1
1137   -62.924   -15.789     0.000  930   -1   -1   -1
1138   -63.917     6.164     0.000  562   -1   -1   -1
1139   -63.356    -7.799     0.000  802   -1   -1   -1
1140   -64.905    27.340     0.000  271   -1   -1   -1
1141   -63.539    -7.606     0.000  800   -1   -1   -1
1142   -64.768    15.205     0.000  436   -1   -1   -1
1143   -65.136    20.857     0.000  353   -1   -1   -1
1144   -63.345   -21.011     0.000 1003   -1   -1   -1
1145   -64.822     9.249     0.000  520   -1   -1   -1
1146   -63.317   -25.536     0.000 1068   -1   -1   -1
1147   -64.771     7.252     0.000  549   -1   -1   -1
1148   -64.612     3.096     0.000  612   -1   -1   -1
1149   -65.218    14.557     0.000  446   -1   -1   -1
1150   -66.656    48.961     0.000   32   -1   -1   -1
1151   -65.608    21.358     0.000  343   -1   -1   -1
1152   -66.160    30.745     0.000  226   -1   -1   -1
1153   -66.461    37.952     0.000  135   -1   -1   -1
1154   -64.074   -21.882     0.000 1018   -1   -1   -1
1155   -64.983    -2.632     0.000  705   -1   -1   -1
1156   -64.955    -5.197     0.000  746   -1   -1   -1
1157   -64.821   -12.597     0.000  881   -1   -1   -1
1158   -65.996    14.289     0.000  451   -1   -1   -1
1159   -64.542   -19.460     0.000  979   -1   -1   -1
1160   -64.671   -18.107     0.000  971   -1   -1   -1
1161   -66.617    26.502     0.000  281   -1   -1   -1
1162   -65.485    -0.657     0.000  672   -1   -1   -1
1163   -65.053   -11.940     0.000  869   -1   -1   -1
1164   -66.956    31.748     0.000  215   -1   -1   -1
1165   -66.080    10.276     0.000  502   -1   -1   -1
1166   -64.755   -20.680     0.000  998   -1   -1   -1
1167   -65.296   -13.361     0.000  890   -1   -1   -1
1168   -65.411   -11.604     0.000  863   -1   -1   -1
1169   -66.902    22.337     0.000  331   -1   -1   -1
1170   -66.634    10.803     0.000  494   -1   -1   -1
1171   -66.743    13.219     0.000  463   -1   -1   -1
1172   -66.581     6.615     0.000  555   -1   -1   -1
1173   -65.472   -21.962     0.000 1019   -1   -1   -1
1174   -66.647     3.941     0.000  599   -1   -1   -1
1175   -66.074   -11.962     0.000  868   -1   -1   -1
1176   -66.446   -14.043     0.000  907   -1   -1   -1
1177   -67.044    -2.633     0.000  704   -1   -1   -1
1178   -67.004    -9.493     0.000  823   -1   -1   -1
1179   -66.646   -21.958     0.000 1017   -1   -1   -1
1180   -67.218   -10.839     0.000  852   -1   -1   -1
1181   -66.811   -21.233     0.000 1005   -1   -1   -1
1182   -67.149   -19.304     0.000  977   -1   -1   -1
