1179
   1    51.614    32.738     0.000  218   -1   -1   -1
   2    50.547    41.359     0.000  104   -1   -1   -1
   3    50.758    29.631     0.000  270   -1   -1   -1
   4    50.037    41.940     0.000  101   -1   -1   -1
   5    50.728     7.946     0.000  576   -1   -1   -1
   6    50.537    14.069     0.000  479   -1   -1   -1
   7    50.403    16.011     0.000  457   -1   -1   -1
   8    50.406     4.842     0.000  625   -1   -1   -1
   9    50.305     5.829     0.000  611   -1   -1   -1
  10    50.049    10.120     0.000  544   -1   -1   -1
  11    50.197   -13.039     0.000  949   -1   -1   -1
  12    49.111    23.460     0.000  342   -1   -1   -1
  13    49.720    -1.764     0.000  733   -1   -1   -1
  14    49.375     7.921     0.000  575   -1   -1   -1
  15    48.550    38.469     0.000  146   -1   -1   -1
  16    50.034   -21.178     0.000 1065   -1   -1   -1
  17    48.350    31.749     0.000  231   -1   -1   -1
  18    49.810   -30.152     0.000 1177   -1   -1   -1
  19    48.599    13.786     0.000  484   -1   -1   -1
  20    48.047    26.949     0.000  302   -1   -1   -1
  21    48.728    -7.518     0.000  848   -1   -1   -1
  22    48.577    -5.646     0.000  804   -1   -1   -1
  23    47.422    34.324     0.000  196   -1   -1   -1
  24    47.093    27.017     0.000  301   -1   -1   -1
  25    47.565     3.003     0.000  654   -1   -1   -1
  26    46.411    46.138     0.000   60   -1   -1   -1
  27    47.569    -3.442     0.000  774   -1   -1   -1
  28    46.468    29.799     0.000  267   -1   -1   -1
  29    46.477    21.898     0.000  365   -1   -1   -1
  30    46.805     6.069     0.000  606   -1   -1   -1
  31    46.069    21.385     0.000  376   -1   -1   -1
  32    46.320    10.807     0.000  534   -1   -1   -1
  33    46.170    13.571     0.000  488   -1   -1   -1
  34    45.224    46.072     0.000   61   -1   -1   -1
  35    46.482    -9.368     0.000  881   -1   -1   -1
  36    46.046    -0.900     0.000  715   -1   -1   -1
  37    45.641    10.438     0.000  539   -1   -1   -1
  38    45.287    23.277     0.000  344   -1   -1   -1
  39    45.506    12.835     0.000  496   -1   -1   -1
  40    45.820    -1.307     0.000  720   -1   -1   -1
  41    44.829    22.901     0.000  349   -1   -1   -1
  42    44.423    27.677     0.000  292   -1   -1   -1
  43    45.434   -13.014     0.000  944   -1   -1   -1
  44    43.682    46.922     0.000   50   -1   -1   -1
  45    45.026   -14.414     0.000  967   -1   -1   -1
  46    43.160    50.865     0.000   16   -1   -1   -1
  47    44.813   -22.457     0.000 1077   -1   -1   -1
  48    43.191    35.829     0.000  175   -1   -1   -1
  49    44.173    -1.931     0.000  734   -1   -1   -1
  50    43.412    17.390     0.000  438   -1   -1   -1
  51    42.908    27.699     0.000  290   -1   -1   -1
  52    41.632    52.858     0.000    2   -1   -1   -1
  53    42.477    17.218     0.000  441   -1   -1   -1
  54    43.372   -25.104     0.000 1104   -1   -1   -1
  55    41.497    33.190     0.000  210   -1   -1   -1
  56    42.539    -6.018     0.000  809   -1   -1   -1
  57    40.941    50.492     0.000   18   -1   -1   -1
  58    40.832    48.720     0.000   34   -1   -1   -1
  59    40.727    45.263     0.000   69   -1   -1   -1
  60    40.572    41.167     0.000  108   -1   -1   -1
  61    40.548    39.499     0.000  128   -1   -1   -1
  62    40.446    38.522     0.000  144   -1   -1   -1
  63    40.095    48.772     0.000   33   -1   -1   -1
  64    40.369    35.294     0.000  182   -1   -1   -1
  65    39.995    26.289     0.000  308   -1   -1   -1
  66    39.690    20.431     0.000  388   -1   -1   -1
  67    39.714    19.488     0.000  401   -1   -1   -1
  68    39.732    18.087     0.000  426   -1   -1   -1
  69    39.725    12.591     0.000  501   -1   -1   -1
  70    39.398    22.523     0.000  355   -1   -1   -1
  71    39.487    15.588     0.000  460   -1   -1   -1
  72    40.486   -22.392     0.000 1075   -1   -1   -1
  73    39.494    11.698     0.000  517   -1   -1   -1
  74    39.386    13.576     0.000  485   -1   -1   -1
  75    39.362    14.049     0.000  476   -1   -1   -1
  76    39.442    10.422     0.000  536   -1   -1   -1
  77    39.336     7.193     0.000  586   -1   -1   -1
  78    39.273     2.102     0.000  671   -1   -1   -1
  79    39.151     5.251     0.000  616   -1   -1   -1
  80    38.617    22.526     0.000  354   -1   -1   -1
  81    39.171     2.287     0.000  663   -1   -1   -1
  82    39.136     3.067     0.000  649   -1   -1   -1
  83    39.032     1.190     0.000  686   -1   -1   -1
  84    38.976    -2.302     0.000  741   -1   -1   -1
  85    38.947    -2.729     0.000  746   -1   -1   -1
  86    38.875    -0.299     0.000  705   -1   -1   -1
  87    38.856    -3.404     0.000  766   -1   -1   -1
  88    37.392    48.453     0.000   39   -1   -1   -1
  89    38.728    -6.168     0.000  811   -1   -1   -1
  90    38.670    -5.446     0.000  795   -1   -1   -1
  91    38.159    11.418     0.000  522   -1   -1   -1
  92    38.652    -7.435     0.000  841   -1   -1   -1
  93    38.661    -8.997     0.000  876   -1   -1   -1
  94    36.954    52.050     0.000    8   -1   -1   -1
  95    36.890    52.773     0.000    3   -1   -1   -1
  96    37.161    37.373     0.000  157   -1   -1   -1
  97    38.480   -15.245     0.000  976   -1   -1   -1
  98    37.198    27.636     0.000  289   -1   -1   -1
  99    37.361    13.485     0.000  486   -1   -1   -1
 100    37.316    11.418     0.000  521   -1   -1   -1
 101    36.658    27.753     0.000  285   -1   -1   -1
 102    38.134   -29.767     0.000 1176   -1   -1   -1
 103    35.626    34.593     0.000  193   -1   -1   -1
 104    34.953    52.107     0.000    6   -1   -1   -1
 105    34.890    51.182     0.000   14   -1   -1   -1
 106    35.413    25.853     0.000  317   -1   -1   -1
 107    35.902    -0.759     0.000  710   -1   -1   -1
 108    35.855    -3.072     0.000  756   -1   -1   -1
 109    36.216   -18.003     0.000 1013   -1   -1   -1
 110    34.862    16.841     0.000  443   -1   -1   -1
 111    35.129     2.635     0.000  657   -1   -1   -1
 112    35.296    -3.729     0.000  773   -1   -1   -1
 113    33.802    32.019     0.000  223   -1   -1   -1
 114    34.809    -7.557     0.000  842   -1   -1   -1
 115    33.976    -0.865     0.000  711   -1   -1   -1
 116    33.950    -1.840     0.000  726   -1   -1   -1
 117    34.227   -22.983     0.000 1080   -1   -1   -1
 118    34.274   -25.095     0.000 1103   -1   -1   -1
 119    33.627    -3.388     0.000  764   -1   -1   -1
 120    31.764    48.755     0.000   32   -1   -1   -1
 121    33.564   -27.418     0.000 1143   -1   -1   -1
 122    32.852    -7.390     0.000  837   -1   -1   -1
 123    33.427   -28.568     0.000 1162   -1   -1   -1
 124    32.647    -3.292     0.000  763   -1   -1   -1
 125    31.499    36.100     0.000  171   -1   -1   -1
 126    31.143    46.651     0.000   54   -1   -1   -1
 127    31.165    44.638     0.000   75   -1   -1   -1
 128    31.318    35.242     0.000  181   -1   -1   -1
 129    32.932   -26.033     0.000 1109   -1   -1   -1
 130    32.906   -26.705     0.000 1124   -1   -1   -1
 131    31.067    27.983     0.000  283   -1   -1   -1
 132    32.784   -31.234     0.000 1178   -1   -1   -1
 133    32.403   -25.081     0.000 1101   -1   -1   -1
 134    32.148   -26.655     0.000 1122   -1   -1   -1
 135    30.443    30.903     0.000  248   -1   -1   -1
 136    29.822    50.888     0.000   15   -1   -1   -1
 137    29.717    47.165     0.000   46   -1   -1   -1
 138    29.527    38.143     0.000  149   -1   -1   -1
 139    29.431    35.549     0.000  178   -1   -1   -1
 140    28.612    46.977     0.000   47   -1   -1   -1
 141    29.360    10.840     0.000  527   -1   -1   -1
 142    28.638    35.545     0.000  177   -1   -1   -1
 143    28.917    18.630     0.000  412   -1   -1   -1
 144    29.812   -21.632     0.000 1061   -1   -1   -1
 145    28.305    24.770     0.000  327   -1   -1   -1
 146    28.709    10.152     0.000  538   -1   -1   -1
 147    27.596    45.111     0.000   70   -1   -1   -1
 148    29.280   -23.298     0.000 1082   -1   -1   -1
 149    28.394     1.885     0.000  670   -1   -1   -1
 150    28.990   -26.656     0.000 1121   -1   -1   -1
 151    28.566   -12.791     0.000  925   -1   -1   -1
 152    28.919   -27.550     0.000 1140   -1   -1   -1
 153    28.871   -28.472     0.000 1156   -1   -1   -1
 154    26.610    40.425     0.000  115   -1   -1   -1
 155    28.053    -8.573     0.000  860   -1   -1   -1
 156    27.147    17.796     0.000  429   -1   -1   -1
 157    28.470   -26.610     0.000 1119   -1   -1   -1
 158    26.959    20.169     0.000  391   -1   -1   -1
 159    27.426     1.869     0.000  669   -1   -1   -1
 160    27.456    -7.000     0.000  824   -1   -1   -1
 161    27.497   -13.820     0.000  952   -1   -1   -1
 162    27.646   -20.287     0.000 1046   -1   -1   -1
 163    26.884    -2.020     0.000  727   -1   -1   -1
 164    27.264   -15.719     0.000  977   -1   -1   -1
 165    25.455    44.123     0.000   78   -1   -1   -1
 166    25.728    34.301     0.000  195   -1   -1   -1
 167    24.912    51.483     0.000   11   -1   -1   -1
 168    26.793   -13.586     0.000  945   -1   -1   -1
 169    27.229   -28.679     0.000 1158   -1   -1   -1
 170    26.746   -15.577     0.000  975   -1   -1   -1
 171    26.191    -2.805     0.000  743   -1   -1   -1
 172    26.731   -28.501     0.000 1155   -1   -1   -1
 173    26.039    -7.929     0.000  845   -1   -1   -1
 174    26.040    -8.396     0.000  853   -1   -1   -1
 175    25.664     1.324     0.000  676   -1   -1   -1
 176    24.897    18.657     0.000  411   -1   -1   -1
 177    24.768    22.640     0.000  348   -1   -1   -1
 178    25.756   -11.840     0.000  908   -1   -1   -1
 179    25.495    -6.433     0.000  807   -1   -1   -1
 180    25.648   -12.071     0.000  912   -1   -1   -1
 181    26.117   -27.557     0.000 1134   -1   -1   -1
 182    24.790    14.096     0.000  470   -1   -1   -1
 183    25.312    -7.859     0.000  843   -1   -1   -1
 184    23.766    43.927     0.000   81   -1   -1   -1
 185    24.180    27.436     0.000  291   -1   -1   -1
 186    23.819    39.390     0.000  127   -1   -1   -1
 187    24.151    26.074     0.000  309   -1   -1   -1
 188    23.349    51.500     0.000   10   -1   -1   -1
 189    24.243    20.695     0.000  381   -1   -1   -1
 190    24.977    -8.195     0.000  849   -1   -1   -1
 191    24.709    -3.805     0.000  767   -1   -1   -1
 192    23.605    29.665     0.000  266   -1   -1   -1
 193    24.498    -0.186     0.000  700   -1   -1   -1
 194    25.057   -23.663     0.000 1085   -1   -1   -1
 195    24.435    -5.264     0.000  789   -1   -1   -1
 196    24.037     6.471     0.000  592   -1   -1   -1
 197    24.512   -12.850     0.000  924   -1   -1   -1
 198    23.602    11.607     0.000  514   -1   -1   -1
 199    23.481    15.634     0.000  456   -1   -1   -1
 200    23.500     9.875     0.000  541   -1   -1   -1
 201    22.340    48.759     0.000   31   -1   -1   -1
 202    24.026   -10.189     0.000  882   -1   -1   -1
 203    22.133    52.531     0.000    4   -1   -1   -1
 204    24.253   -24.008     0.000 1091   -1   -1   -1
 205    23.740    -9.222     0.000  872   -1   -1   -1
 206    22.080    39.602     0.000  125   -1   -1   -1
 207    23.168    -3.179     0.000  748   -1   -1   -1
 208    23.328   -12.264     0.000  915   -1   -1   -1
 209    22.786    -3.324     0.000  753   -1   -1   -1
 210    22.700    -0.723     0.000  706   -1   -1   -1
 211    22.882   -15.515     0.000  971   -1   -1   -1
 212    20.902    48.654     0.000   35   -1   -1   -1
 213    21.760    17.519     0.000  431   -1   -1   -1
 214    22.707   -13.722     0.000  946   -1   -1   -1
 215    22.746   -16.111     0.000  979   -1   -1   -1
 216    21.663    17.139     0.000  437   -1   -1   -1
 217    22.312   -17.270     0.000  992   -1   -1   -1
 218    20.248    48.896     0.000   30   -1   -1   -1
 219    22.514   -27.685     0.000 1136   -1   -1   -1
 220    21.950   -12.020     0.000  910   -1   -1   -1
 221    21.706    -5.084     0.000  785   -1   -1   -1
 222    21.025    14.836     0.000  461   -1   -1   -1
 223    21.740    -8.869     0.000  863   -1   -1   -1
 224    21.348    -2.282     0.000  731   -1   -1   -1
 225    20.346    30.005     0.000  261   -1   -1   -1
 226    21.902   -26.825     0.000 1117   -1   -1   -1
 227    20.386    21.382     0.000  370   -1   -1   -1
 228    19.982    33.708     0.000  202   -1   -1   -1
 229    20.638     8.753     0.000  562   -1   -1   -1
 230    21.216   -10.538     0.000  886   -1   -1   -1
 231    19.517    42.757     0.000   89   -1   -1   -1
 232    21.169   -11.611     0.000  902   -1   -1   -1
 233    20.884    -3.977     0.000  770   -1   -1   -1
 234    21.008    -9.018     0.000  865   -1   -1   -1
 235    20.739    -2.102     0.000  725   -1   -1   -1
 236    20.857    -8.767     0.000  859   -1   -1   -1
 237    20.724    -7.072     0.000  822   -1   -1   -1
 238    20.308     5.593     0.000  604   -1   -1   -1
 239    20.863   -12.795     0.000  921   -1   -1   -1
 240    21.363   -29.575     0.000 1171   -1   -1   -1
 241    20.025    11.401     0.000  516   -1   -1   -1
 242    20.852   -16.198     0.000  980   -1   -1   -1
 243    20.666   -12.527     0.000  918   -1   -1   -1
 244    18.690    51.927     0.000    9   -1   -1   -1
 245    21.134   -28.772     0.000 1157   -1   -1   -1
 246    20.270    -2.206     0.000  729   -1   -1   -1
 247    20.481    -9.286     0.000  871   -1   -1   -1
 248    18.926    30.003     0.000  260   -1   -1   -1
 249    18.878    31.437     0.000  233   -1   -1   -1
 250    20.289   -20.805     0.000 1048   -1   -1   -1
 251    19.642    -5.970     0.000  797   -1   -1   -1
 252    18.653    23.377     0.000  336   -1   -1   -1
 253    19.405    -7.278     0.000  826   -1   -1   -1
 254    19.725   -18.159     0.000 1007   -1   -1   -1
 255    19.116    -0.197     0.000  699   -1   -1   -1
 256    18.367    15.411     0.000  458   -1   -1   -1
 257    19.325   -16.501     0.000  982   -1   -1   -1
 258    18.896    -5.391     0.000  788   -1   -1   -1
 259    17.490    38.696     0.000  141   -1   -1   -1
 260    19.493   -26.950     0.000 1120   -1   -1   -1
 261    18.643    -1.151     0.000  709   -1   -1   -1
 262    19.405   -25.494     0.000 1100   -1   -1   -1
 263    17.611    30.813     0.000  245   -1   -1   -1
 264    18.894   -10.919     0.000  889   -1   -1   -1
 265    17.641    27.515     0.000  286   -1   -1   -1
 266    18.856   -12.273     0.000  913   -1   -1   -1
 267    17.302    36.697     0.000  162   -1   -1   -1
 268    19.242   -26.417     0.000 1108   -1   -1   -1
 269    19.200   -26.875     0.000 1116   -1   -1   -1
 270    18.848   -17.858     0.000 1001   -1   -1   -1
 271    18.271    -2.627     0.000  737   -1   -1   -1
 272    19.042   -29.754     0.000 1172   -1   -1   -1
 273    17.677    11.126     0.000  520   -1   -1   -1
 274    17.212    25.568     0.000  318   -1   -1   -1
 275    18.702   -26.825     0.000 1115   -1   -1   -1
 276    18.349   -17.955     0.000 1004   -1   -1   -1
 277    17.550     3.830     0.000  630   -1   -1   -1
 278    18.535   -28.670     0.000 1153   -1   -1   -1
 279    17.904   -11.507     0.000  901   -1   -1   -1
 280    16.002    48.913     0.000   29   -1   -1   -1
 281    15.948    49.538     0.000   23   -1   -1   -1
 282    16.376    33.862     0.000  198   -1   -1   -1
 283    15.667    52.149     0.000    5   -1   -1   -1
 284    17.654   -12.592     0.000  917   -1   -1   -1
 285    15.841    45.919     0.000   62   -1   -1   -1
 286    17.607   -15.850     0.000  974   -1   -1   -1
 287    17.926   -26.719     0.000 1113   -1   -1   -1
 288    15.802    39.200     0.000  131   -1   -1   -1
 289    16.195    25.854     0.000  311   -1   -1   -1
 290    17.078    -6.202     0.000  800   -1   -1   -1
 291    16.816     1.758     0.000  664   -1   -1   -1
 292    15.587    41.078     0.000  105   -1   -1   -1
 293    15.604    40.322     0.000  116   -1   -1   -1
 294    17.742   -28.226     0.000 1147   -1   -1   -1
 295    15.866    28.422     0.000  274   -1   -1   -1
 296    16.964    -6.834     0.000  815   -1   -1   -1
 297    16.332    11.888     0.000  506   -1   -1   -1
 298    16.609     1.176     0.000  675   -1   -1   -1
 299    15.381    40.411     0.000  114   -1   -1   -1
 300    17.490   -27.236     0.000 1123   -1   -1   -1
 301    16.334     8.864     0.000  559   -1   -1   -1
 302    15.462    36.766     0.000  160   -1   -1   -1
 303    16.187    10.068     0.000  535   -1   -1   -1
 304    16.364     2.405     0.000  652   -1   -1   -1
 305    15.581    26.358     0.000  303   -1   -1   -1
 306    14.885    46.203     0.000   57   -1   -1   -1
 307    16.834   -18.863     0.000 1021   -1   -1   -1
 308    15.688    16.880     0.000  439   -1   -1   -1
 309    17.031   -26.993     0.000 1118   -1   -1   -1
 310    16.789   -20.529     0.000 1045   -1   -1   -1
 311    14.901    30.304     0.000  254   -1   -1   -1
 312    14.130    45.625     0.000   64   -1   -1   -1
 313    16.472   -29.873     0.000 1173   -1   -1   -1
 314    15.972   -14.908     0.000  964   -1   -1   -1
 315    14.646    25.809     0.000  312   -1   -1   -1
 316    14.788    20.268     0.000  386   -1   -1   -1
 317    16.204   -25.065     0.000 1098   -1   -1   -1
 318    14.806    18.269     0.000  416   -1   -1   -1
 319    15.457    -5.628     0.000  792   -1   -1   -1
 320    14.713    15.666     0.000  452   -1   -1   -1
 321    15.518   -11.931     0.000  906   -1   -1   -1
 322    14.366    21.388     0.000  366   -1   -1   -1
 323    14.438    15.719     0.000  451   -1   -1   -1
 324    14.748     2.479     0.000  650   -1   -1   -1
 325    14.711     3.159     0.000  638   -1   -1   -1
 326    14.577     4.415     0.000  620   -1   -1   -1
 327    13.786    29.706     0.000  262   -1   -1   -1
 328    14.882    -6.429     0.000  802   -1   -1   -1
 329    14.255    12.555     0.000  492   -1   -1   -1
 330    15.225   -21.029     0.000 1049   -1   -1   -1
 331    15.438   -28.582     0.000 1149   -1   -1   -1
 332    14.877   -12.960     0.000  920   -1   -1   -1
 333    14.537    -2.546     0.000  732   -1   -1   -1
 334    14.486    -1.478     0.000  714   -1   -1   -1
 335    14.261     5.476     0.000  603   -1   -1   -1
 336    12.846    48.561     0.000   36   -1   -1   -1
 337    15.028   -22.062     0.000 1059   -1   -1   -1
 338    13.397    29.180     0.000  271   -1   -1   -1
 339    13.043    36.698     0.000  161   -1   -1   -1
 340    13.912     7.807     0.000  567   -1   -1   -1
 341    14.355    -7.964     0.000  839   -1   -1   -1
 342    13.194    27.664     0.000  284   -1   -1   -1
 343    14.367    -9.837     0.000  877   -1   -1   -1
 344    12.685    38.712     0.000  139   -1   -1   -1
 345    13.835     1.609     0.000  667   -1   -1   -1
 346    12.483    44.011     0.000   79   -1   -1   -1
 347    12.977    26.159     0.000  306   -1   -1   -1
 348    13.613     2.392     0.000  651   -1   -1   -1
 349    12.826    23.506     0.000  334   -1   -1   -1
 350    13.386     0.946     0.000  680   -1   -1   -1
 351    14.189   -24.232     0.000 1089   -1   -1   -1
 352    14.356   -29.627     0.000 1169   -1   -1   -1
 353    12.376    30.161     0.000  258   -1   -1   -1
 354    13.998   -23.573     0.000 1078   -1   -1   -1
 355    12.907     9.076     0.000  550   -1   -1   -1
 356    13.599   -13.913     0.000  941   -1   -1   -1
 357    12.495    19.978     0.000  390   -1   -1   -1
 358    12.981     3.108     0.000  639   -1   -1   -1
 359    12.996     1.640     0.000  665   -1   -1   -1
 360    13.310    -9.312     0.000  866   -1   -1   -1
 361    13.762   -28.809     0.000 1152   -1   -1   -1
 362    11.881    28.753     0.000  273   -1   -1   -1
 363    12.701     0.114     0.000  692   -1   -1   -1
 364    11.690    31.844     0.000  222   -1   -1   -1
 365    12.599     0.599     0.000  685   -1   -1   -1
 366    11.804    25.650     0.000  314   -1   -1   -1
 367    11.874    19.908     0.000  393   -1   -1   -1
 368    13.447   -29.658     0.000 1168   -1   -1   -1
 369    12.578    -3.780     0.000  762   -1   -1   -1
 370    11.541    23.081     0.000  339   -1   -1   -1
 371    12.008     7.679     0.000  570   -1   -1   -1
 372    11.462    22.092     0.000  356   -1   -1   -1
 373    11.355    23.143     0.000  338   -1   -1   -1
 374    12.265    -5.547     0.000  787   -1   -1   -1
 375    11.511    16.431     0.000  445   -1   -1   -1
 376    11.401    13.411     0.000  478   -1   -1   -1
 377    12.116   -11.582     0.000  898   -1   -1   -1
 378    11.026    21.707     0.000  360   -1   -1   -1
 379    12.298   -21.869     0.000 1055   -1   -1   -1
 380    11.025    15.454     0.000  455   -1   -1   -1
 381    10.107    42.124     0.000   93   -1   -1   -1
 382    10.020    44.400     0.000   77   -1   -1   -1
 383    11.402    -0.009     0.000  695   -1   -1   -1
 384    12.327   -29.702     0.000 1170   -1   -1   -1
 385    10.414    28.288     0.000  277   -1   -1   -1
 386    11.719   -12.664     0.000  916   -1   -1   -1
 387    10.099    33.778     0.000  199   -1   -1   -1
 388    11.231    -2.856     0.000  739   -1   -1   -1
 389    10.486    20.259     0.000  385   -1   -1   -1
 390    10.733     8.338     0.000  563   -1   -1   -1
 391    10.091    28.316     0.000  276   -1   -1   -1
 392    10.283    21.218     0.000  371   -1   -1   -1
 393    10.700     7.579     0.000  571   -1   -1   -1
 394    11.786   -28.598     0.000 1148   -1   -1   -1
 395    10.996    -7.695     0.000  833   -1   -1   -1
 396     9.676    32.378     0.000  217   -1   -1   -1
 397     9.339    42.477     0.000   90   -1   -1   -1
 398    10.706    -3.543     0.000  751   -1   -1   -1
 399    11.103   -15.959     0.000  972   -1   -1   -1
 400    10.468     0.608     0.000  684   -1   -1   -1
 401    10.746    -7.976     0.000  836   -1   -1   -1
 402    10.276     4.982     0.000  610   -1   -1   -1
 403    11.034   -18.589     0.000 1009   -1   -1   -1
 404    10.473    -7.713     0.000  834   -1   -1   -1
 405     9.423    24.815     0.000  322   -1   -1   -1
 406     8.942    40.018     0.000  117   -1   -1   -1
 407     8.524    51.354     0.000   12   -1   -1   -1
 408    10.719   -20.095     0.000 1039   -1   -1   -1
 409    10.764   -23.332     0.000 1074   -1   -1   -1
 410     8.657    40.684     0.000  110   -1   -1   -1
 411    10.688   -22.911     0.000 1071   -1   -1   -1
 412    10.781   -26.856     0.000 1111   -1   -1   -1
 413     9.681     3.430     0.000  634   -1   -1   -1
 414     8.804    27.389     0.000  287   -1   -1   -1
 415    10.012   -12.265     0.000  907   -1   -1   -1
 416     9.706    -3.558     0.000  750   -1   -1   -1
 417     8.447    35.582     0.000  174   -1   -1   -1
 418    10.334   -28.111     0.000 1137   -1   -1   -1
 419     8.670    21.723     0.000  359   -1   -1   -1
 420     9.561    -6.894     0.000  810   -1   -1   -1
 421     9.566    -8.762     0.000  851   -1   -1   -1
 422     9.731   -13.831     0.000  936   -1   -1   -1
 423     9.466   -13.080     0.000  919   -1   -1   -1
 424     8.702     2.230     0.000  653   -1   -1   -1
 425     7.491    37.146     0.000  156   -1   -1   -1
 426     9.353   -22.092     0.000 1058   -1   -1   -1
 427     9.529   -29.657     0.000 1165   -1   -1   -1
 428     8.101    13.282     0.000  481   -1   -1   -1
 429     8.962   -13.969     0.000  939   -1   -1   -1
 430     7.373    33.341     0.000  205   -1   -1   -1
 431     7.052    40.510     0.000  112   -1   -1   -1
 432     7.914    11.259     0.000  515   -1   -1   -1
 433     8.645   -13.959     0.000  938   -1   -1   -1
 434     7.746    13.091     0.000  483   -1   -1   -1
 435     6.631    46.622     0.000   52   -1   -1   -1
 436     6.682    34.885     0.000  184   -1   -1   -1
 437     6.669    32.956     0.000  209   -1   -1   -1
 438     7.324    10.179     0.000  531   -1   -1   -1
 439     6.256    40.514     0.000  111   -1   -1   -1
 440     7.461    -4.370     0.000  771   -1   -1   -1
 441     6.891    12.899     0.000  487   -1   -1   -1
 442     6.269    27.972     0.000  281   -1   -1   -1
 443     7.861   -22.599     0.000 1066   -1   -1   -1
 444     7.787   -25.021     0.000 1097   -1   -1   -1
 445     7.857   -28.195     0.000 1135   -1   -1   -1
 446     7.437   -19.547     0.000 1028   -1   -1   -1
 447     7.761   -30.700     0.000 1175   -1   -1   -1
 448     7.077   -12.709     0.000  914   -1   -1   -1
 449     5.821    24.062     0.000  329   -1   -1   -1
 450     7.044   -15.796     0.000  968   -1   -1   -1
 451     6.290     6.623     0.000  582   -1   -1   -1
 452     5.859    17.653     0.000  423   -1   -1   -1
 453     5.463    26.136     0.000  305   -1   -1   -1
 454     6.756   -17.691     0.000  991   -1   -1   -1
 455     7.049   -28.048     0.000 1130   -1   -1   -1
 456     4.803    39.965     0.000  118   -1   -1   -1
 457     7.018   -28.902     0.000 1150   -1   -1   -1
 458     6.031    -0.339     0.000  697   -1   -1   -1
 459     4.838    33.582     0.000  201   -1   -1   -1
 460     6.655   -22.345     0.000 1060   -1   -1   -1
 461     5.284    18.063     0.000  418   -1   -1   -1
 462     4.478    41.460     0.000  102   -1   -1   -1
 463     4.785    30.748     0.000  242   -1   -1   -1
 464     5.904    -4.464     0.000  772   -1   -1   -1
 465     5.234    11.721     0.000  505   -1   -1   -1
 466     5.962   -11.732     0.000  897   -1   -1   -1
 467     5.509    -2.928     0.000  735   -1   -1   -1
 468     5.338    -0.332     0.000  696   -1   -1   -1
 469     5.596   -13.832     0.000  935   -1   -1   -1
 470     3.553    46.845     0.000   49   -1   -1   -1
 471     4.200    20.959     0.000  375   -1   -1   -1
 472     3.197    48.096     0.000   40   -1   -1   -1
 473     5.690   -28.388     0.000 1142   -1   -1   -1
 474     3.564    34.503     0.000  190   -1   -1   -1
 475     3.731    26.675     0.000  299   -1   -1   -1
 476     4.319     8.479     0.000  561   -1   -1   -1
 477     4.161     9.017     0.000  547   -1   -1   -1
 478     5.356   -29.803     0.000 1164   -1   -1   -1
 479     2.330    49.462     0.000   24   -1   -1   -1
 480     4.887   -28.352     0.000 1138   -1   -1   -1
 481     4.264   -15.248     0.000  963   -1   -1   -1
 482     3.583     3.620     0.000  629   -1   -1   -1
 483     3.434     4.497     0.000  615   -1   -1   -1
 484     3.716    -5.654     0.000  786   -1   -1   -1
 485     2.650    22.179     0.000  352   -1   -1   -1
 486     3.489    -4.735     0.000  775   -1   -1   -1
 487     2.186    31.896     0.000  221   -1   -1   -1
 488     3.659   -14.213     0.000  942   -1   -1   -1
 489     1.571    49.317     0.000   26   -1   -1   -1
 490     2.317    23.913     0.000  331   -1   -1   -1
 491     3.780   -20.932     0.000 1044   -1   -1   -1
 492     2.688    11.272     0.000  513   -1   -1   -1
 493     3.751   -22.966     0.000 1069   -1   -1   -1
 494     1.303    46.351     0.000   55   -1   -1   -1
 495     3.110   -15.023     0.000  956   -1   -1   -1
 496     1.506    28.720     0.000  272   -1   -1   -1
 497     2.344     0.432     0.000  683   -1   -1   -1
 498     2.130     4.420     0.000  617   -1   -1   -1
 499     1.938     6.408     0.000  587   -1   -1   -1
 500     2.797   -19.401     0.000 1026   -1   -1   -1
 501     2.336    -7.404     0.000  818   -1   -1   -1
 502     1.172    26.733     0.000  298   -1   -1   -1
 503     2.942   -28.361     0.000 1133   -1   -1   -1
 504     1.267    21.128     0.000  367   -1   -1   -1
 505     2.270   -13.694     0.000  927   -1   -1   -1
 506     1.949    -6.791     0.000  803   -1   -1   -1
 507     1.828    -5.849     0.000  790   -1   -1   -1
 508     1.219     8.777     0.000  555   -1   -1   -1
 509     1.300    -1.065     0.000  702   -1   -1   -1
 510     0.582    17.103     0.000  434   -1   -1   -1
 511     1.246    -4.034     0.000  759   -1   -1   -1
 512     0.975    -2.301     0.000  719   -1   -1   -1
 513     0.134    19.687     0.000  394   -1   -1   -1
 514    -0.438    36.244     0.000  164   -1   -1   -1
 515    -0.084    24.429     0.000  326   -1   -1   -1
 516    -0.805    42.819     0.000   88   -1   -1   -1
 517     0.414     1.445     0.000  662   -1   -1   -1
 518    -0.023    12.097     0.000  493   -1   -1   -1
 519     0.826   -15.237     0.000  959   -1   -1   -1
 520    -1.352    49.256     0.000   27   -1   -1   -1
 521     1.319   -30.578     0.000 1174   -1   -1   -1
 522     1.181   -28.666     0.000 1145   -1   -1   -1
 523     1.094   -29.624     0.000 1159   -1   -1   -1
 524     0.865   -25.031     0.000 1093   -1   -1   -1
 525    -0.981    19.841     0.000  387   -1   -1   -1
 526    -1.416    32.423     0.000  214   -1   -1   -1
 527     0.131   -14.950     0.000  955   -1   -1   -1
 528     0.229   -19.456     0.000 1024   -1   -1   -1
 529    -1.980    45.523     0.000   65   -1   -1   -1
 530    -1.265    21.682     0.000  358   -1   -1   -1
 531    -0.417    -4.507     0.000  769   -1   -1   -1
 532    -1.809    34.110     0.000  194   -1   -1   -1
 533    -2.355    49.928     0.000   21   -1   -1   -1
 534    -2.276    47.440     0.000   44   -1   -1   -1
 535    -1.980    37.651     0.000  151   -1   -1   -1
 536    -0.186   -17.197     0.000  984   -1   -1   -1
 537    -1.948    34.585     0.000  188   -1   -1   -1
 538    -0.664    -3.986     0.000  757   -1   -1   -1
 539    -1.854    27.100     0.000  293   -1   -1   -1
 540    -1.575    18.123     0.000  414   -1   -1   -1
 541    -1.491    13.461     0.000  474   -1   -1   -1
 542    -0.272   -22.190     0.000 1054   -1   -1   -1
 543    -1.074    -3.516     0.000  744   -1   -1   -1
 544    -1.991    22.506     0.000  346   -1   -1   -1
 545    -0.870   -16.078     0.000  969   -1   -1   -1
 546    -0.729   -20.790     0.000 1042   -1   -1   -1
 547    -2.728    36.703     0.000  159   -1   -1   -1
 548    -2.176    15.689     0.000  447   -1   -1   -1
 549    -0.875   -22.364     0.000 1057   -1   -1   -1
 550    -2.956    32.444     0.000  213   -1   -1   -1
 551    -1.018   -28.323     0.000 1129   -1   -1   -1
 552    -2.855    24.470     0.000  324   -1   -1   -1
 553    -2.897    22.164     0.000  351   -1   -1   -1
 554    -1.482   -20.096     0.000 1035   -1   -1   -1
 555    -3.568    36.446     0.000  163   -1   -1   -1
 556    -2.076    -9.940     0.000  873   -1   -1   -1
 557    -2.381    -3.318     0.000  740   -1   -1   -1
 558    -3.708    33.424     0.000  203   -1   -1   -1
 559    -1.547   -29.865     0.000 1163   -1   -1   -1
 560    -2.760     3.330     0.000  632   -1   -1   -1
 561    -4.240    41.987     0.000   94   -1   -1   -1
 562    -3.864    30.384     0.000  251   -1   -1   -1
 563    -2.206   -18.582     0.000 1003   -1   -1   -1
 564    -4.131    37.433     0.000  152   -1   -1   -1
 565    -3.354    13.547     0.000  471   -1   -1   -1
 566    -4.511    48.034     0.000   41   -1   -1   -1
 567    -2.850    -4.121     0.000  758   -1   -1   -1
 568    -3.129     1.688     0.000  659   -1   -1   -1
 569    -2.226   -24.649     0.000 1087   -1   -1   -1
 570    -3.258     4.007     0.000  621   -1   -1   -1
 571    -3.180     0.132     0.000  688   -1   -1   -1
 572    -4.038    18.613     0.000  404   -1   -1   -1
 573    -4.252    22.839     0.000  341   -1   -1   -1
 574    -3.346    -4.563     0.000  768   -1   -1   -1
 575    -2.667   -24.472     0.000 1083   -1   -1   -1
 576    -3.149   -11.819     0.000  894   -1   -1   -1
 577    -4.896    39.010     0.000  132   -1   -1   -1
 578    -4.658    30.533     0.000  247   -1   -1   -1
 579    -4.969    38.649     0.000  138   -1   -1   -1
 580    -5.187    38.930     0.000  135   -1   -1   -1
 581    -5.299    36.099     0.000  168   -1   -1   -1
 582    -5.418    35.296     0.000  176   -1   -1   -1
 583    -5.197    28.041     0.000  278   -1   -1   -1
 584    -5.804    42.097     0.000   92   -1   -1   -1
 585    -4.548     3.114     0.000  633   -1   -1   -1
 586    -5.082    17.800     0.000  419   -1   -1   -1
 587    -6.304    51.982     0.000    7   -1   -1   -1
 588    -4.998    12.398     0.000  490   -1   -1   -1
 589    -5.557    26.979     0.000  296   -1   -1   -1
 590    -5.691    30.541     0.000  246   -1   -1   -1
 591    -4.045   -17.506     0.000  985   -1   -1   -1
 592    -3.984   -19.345     0.000 1015   -1   -1   -1
 593    -4.407    -7.347     0.000  813   -1   -1   -1
 594    -5.554    25.339     0.000  316   -1   -1   -1
 595    -5.537    20.896     0.000  373   -1   -1   -1
 596    -5.917    30.991     0.000  235   -1   -1   -1
 597    -6.075    33.046     0.000  208   -1   -1   -1
 598    -4.882    -5.547     0.000  780   -1   -1   -1
 599    -6.224    31.373     0.000  225   -1   -1   -1
 600    -5.113    -1.704     0.000  708   -1   -1   -1
 601    -4.130   -29.888     0.000 1161   -1   -1   -1
 602    -5.674    14.173     0.000  464   -1   -1   -1
 603    -5.092    -2.721     0.000  724   -1   -1   -1
 604    -4.865   -11.815     0.000  893   -1   -1   -1
 605    -6.912    46.809     0.000   48   -1   -1   -1
 606    -5.945    16.468     0.000  440   -1   -1   -1
 607    -5.036   -15.487     0.000  962   -1   -1   -1
 608    -6.700    31.309     0.000  228   -1   -1   -1
 609    -5.531    -3.234     0.000  738   -1   -1   -1
 610    -5.287   -17.753     0.000  989   -1   -1   -1
 611    -5.726    -5.436     0.000  778   -1   -1   -1
 612    -5.725    -8.462     0.000  838   -1   -1   -1
 613    -7.217    31.537     0.000  224   -1   -1   -1
 614    -5.507   -18.980     0.000 1008   -1   -1   -1
 615    -6.799    17.897     0.000  417   -1   -1   -1
 616    -6.596     5.454     0.000  599   -1   -1   -1
 617    -5.412   -30.204     0.000 1166   -1   -1   -1
 618    -7.405    25.478     0.000  313   -1   -1   -1
 619    -7.929    38.967     0.000  133   -1   -1   -1
 620    -5.928   -19.415     0.000 1016   -1   -1   -1
 621    -5.881   -25.077     0.000 1092   -1   -1   -1
 622    -7.809    29.363     0.000  264   -1   -1   -1
 623    -7.771    27.005     0.000  294   -1   -1   -1
 624    -6.569    -8.961     0.000  847   -1   -1   -1
 625    -7.017     3.606     0.000  624   -1   -1   -1
 626    -7.614    15.498     0.000  449   -1   -1   -1
 627    -7.394     7.420     0.000  566   -1   -1   -1
 628    -6.785   -12.005     0.000  895   -1   -1   -1
 629    -8.555    38.525     0.000  140   -1   -1   -1
 630    -7.359     2.275     0.000  644   -1   -1   -1
 631    -7.646     9.478     0.000  537   -1   -1   -1
 632    -7.823     6.316     0.000  583   -1   -1   -1
 633    -6.574   -29.927     0.000 1160   -1   -1   -1
 634    -6.709   -29.390     0.000 1151   -1   -1   -1
 635    -8.933    32.292     0.000  215   -1   -1   -1
 636    -9.115    36.064     0.000  167   -1   -1   -1
 637    -7.417   -13.979     0.000  928   -1   -1   -1
 638    -9.275    39.808     0.000  120   -1   -1   -1
 639    -7.935     0.486     0.000  678   -1   -1   -1
 640    -7.510   -12.842     0.000  909   -1   -1   -1
 641    -7.742    -8.903     0.000  846   -1   -1   -1
 642    -7.836    -7.170     0.000  806   -1   -1   -1
 643    -9.773    48.314     0.000   38   -1   -1   -1
 644    -8.134    -4.283     0.000  760   -1   -1   -1
 645    -9.913    47.371     0.000   45   -1   -1   -1
 646    -7.753   -18.534     0.000  996   -1   -1   -1
 647    -9.045    11.671     0.000  502   -1   -1   -1
 648    -7.930   -20.175     0.000 1033   -1   -1   -1
 649   -10.117    41.676     0.000   97   -1   -1   -1
 650    -9.768    30.876     0.000  237   -1   -1   -1
 651   -10.381    45.901     0.000   59   -1   -1   -1
 652    -8.167   -18.637     0.000  999   -1   -1   -1
 653    -9.827    25.318     0.000  315   -1   -1   -1
 654    -9.548    10.625     0.000  519   -1   -1   -1
 655   -10.422    34.856     0.000  180   -1   -1   -1
 656    -8.671   -19.692     0.000 1022   -1   -1   -1
 657    -9.414    -4.057     0.000  752   -1   -1   -1
 658   -11.334    48.867     0.000   28   -1   -1   -1
 659   -10.020     9.258     0.000  540   -1   -1   -1
 660   -11.076    39.843     0.000  119   -1   -1   -1
 661    -8.963   -23.047     0.000 1063   -1   -1   -1
 662   -10.925    31.962     0.000  219   -1   -1   -1
 663   -10.523    20.096     0.000  382   -1   -1   -1
 664    -9.521    -9.463     0.000  855   -1   -1   -1
 665   -10.636    19.100     0.000  398   -1   -1   -1
 666    -9.721    -8.423     0.000  835   -1   -1   -1
 667   -11.474    37.796     0.000  150   -1   -1   -1
 668   -10.790    14.134     0.000  462   -1   -1   -1
 669    -9.860   -15.961     0.000  966   -1   -1   -1
 670    -9.803   -19.356     0.000 1011   -1   -1   -1
 671   -10.617     2.113     0.000  646   -1   -1   -1
 672   -11.025    13.684     0.000  467   -1   -1   -1
 673   -12.245    48.334     0.000   37   -1   -1   -1
 674   -10.366    -8.140     0.000  829   -1   -1   -1
 675   -11.509    21.371     0.000  361   -1   -1   -1
 676   -10.951     4.453     0.000  612   -1   -1   -1
 677   -12.065    36.038     0.000  166   -1   -1   -1
 678   -11.304    12.827     0.000  482   -1   -1   -1
 679   -10.166   -20.612     0.000 1037   -1   -1   -1
 680   -11.195     6.885     0.000  572   -1   -1   -1
 681   -12.056    30.575     0.000  241   -1   -1   -1
 682   -11.410    11.659     0.000  500   -1   -1   -1
 683   -12.471    42.254     0.000   91   -1   -1   -1
 684   -12.052    25.488     0.000  310   -1   -1   -1
 685   -10.877    -8.171     0.000  831   -1   -1   -1
 686   -10.865   -11.320     0.000  884   -1   -1   -1
 687   -10.309   -29.205     0.000 1146   -1   -1   -1
 688   -11.811    11.239     0.000  508   -1   -1   -1
 689   -12.995    45.357     0.000   66   -1   -1   -1
 690   -11.126   -10.249     0.000  874   -1   -1   -1
 691   -11.388    -8.273     0.000  832   -1   -1   -1
 692   -13.240    42.828     0.000   87   -1   -1   -1
 693   -11.235   -14.962     0.000  953   -1   -1   -1
 694   -11.669    -5.340     0.000  776   -1   -1   -1
 695   -12.479     8.706     0.000  546   -1   -1   -1
 696   -12.431     7.236     0.000  568   -1   -1   -1
 697   -11.586   -18.869     0.000 1002   -1   -1   -1
 698   -11.344   -27.675     0.000 1112   -1   -1   -1
 699   -12.002    -9.884     0.000  864   -1   -1   -1
 700   -11.500   -24.780     0.000 1084   -1   -1   -1
 701   -13.782    38.679     0.000  137   -1   -1   -1
 702   -14.137    46.257     0.000   56   -1   -1   -1
 703   -13.652    30.806     0.000  238   -1   -1   -1
 704   -11.770   -23.289     0.000 1068   -1   -1   -1
 705   -12.893     6.042     0.000  588   -1   -1   -1
 706   -12.899     3.741     0.000  622   -1   -1   -1
 707   -12.445   -10.120     0.000  870   -1   -1   -1
 708   -13.857    20.851     0.000  372   -1   -1   -1
 709   -14.150    25.898     0.000  304   -1   -1   -1
 710   -13.909    16.815     0.000  435   -1   -1   -1
 711   -13.391    -4.274     0.000  754   -1   -1   -1
 712   -13.499    -1.884     0.000  707   -1   -1   -1
 713   -15.080    43.056     0.000   86   -1   -1   -1
 714   -13.804     6.310     0.000  580   -1   -1   -1
 715   -13.161   -14.519     0.000  937   -1   -1   -1
 716   -13.528    -8.178     0.000  828   -1   -1   -1
 717   -14.505    13.538     0.000  469   -1   -1   -1
 718   -14.207     3.685     0.000  623   -1   -1   -1
 719   -15.376    32.133     0.000  216   -1   -1   -1
 720   -15.288    26.873     0.000  295   -1   -1   -1
 721   -15.818    41.698     0.000   95   -1   -1   -1
 722   -14.274    -3.130     0.000  730   -1   -1   -1
 723   -13.479   -25.006     0.000 1086   -1   -1   -1
 724   -14.465     0.812     0.000  672   -1   -1   -1
 725   -14.892    11.482     0.000  503   -1   -1   -1
 726   -14.576     0.189     0.000  682   -1   -1   -1
 727   -15.268    18.908     0.000  399   -1   -1   -1
 728   -15.643    29.267     0.000  265   -1   -1   -1
 729   -13.656   -26.520     0.000 1099   -1   -1   -1
 730   -14.066   -15.830     0.000  965   -1   -1   -1
 731   -14.428    -5.952     0.000  783   -1   -1   -1
 732   -16.203    43.159     0.000   84   -1   -1   -1
 733   -14.869     3.385     0.000  626   -1   -1   -1
 734   -15.996    34.621     0.000  186   -1   -1   -1
 735   -15.205     9.061     0.000  542   -1   -1   -1
 736   -14.310   -15.748     0.000  961   -1   -1   -1
 737   -13.849   -29.066     0.000 1141   -1   -1   -1
 738   -15.279     8.489     0.000  553   -1   -1   -1
 739   -13.969   -27.662     0.000 1110   -1   -1   -1
 740   -15.261     3.842     0.000  619   -1   -1   -1
 741   -15.192     0.278     0.000  681   -1   -1   -1
 742   -16.060    22.975     0.000  335   -1   -1   -1
 743   -16.936    44.347     0.000   76   -1   -1   -1
 744   -15.195    -7.670     0.000  814   -1   -1   -1
 745   -15.753     5.513     0.000  596   -1   -1   -1
 746   -16.646    28.876     0.000  269   -1   -1   -1
 747   -16.176    13.306     0.000  472   -1   -1   -1
 748   -17.114    35.815     0.000  170   -1   -1   -1
 749   -17.389    39.646     0.000  122   -1   -1   -1
 750   -16.649    16.760     0.000  436   -1   -1   -1
 751   -16.463     9.656     0.000  532   -1   -1   -1
 752   -16.201    -0.288     0.000  689   -1   -1   -1
 753   -17.835    45.592     0.000   63   -1   -1   -1
 754   -17.557    31.052     0.000  230   -1   -1   -1
 755   -16.767     8.265     0.000  557   -1   -1   -1
 756   -17.582    29.632     0.000  259   -1   -1   -1
 757   -16.546    -2.093     0.000  712   -1   -1   -1
 758   -16.506    -5.904     0.000  781   -1   -1   -1
 759   -18.297    41.640     0.000   96   -1   -1   -1
 760   -17.680    23.346     0.000  333   -1   -1   -1
 761   -16.309   -15.615     0.000  957   -1   -1   -1
 762   -17.406    11.176     0.000  507   -1   -1   -1
 763   -16.632   -12.471     0.000  900   -1   -1   -1
 764   -16.851    -7.957     0.000  819   -1   -1   -1
 765   -17.104    -1.378     0.000  701   -1   -1   -1
 766   -17.413     5.563     0.000  593   -1   -1   -1
 767   -18.854    45.274     0.000   67   -1   -1   -1
 768   -18.361    31.056     0.000  229   -1   -1   -1
 769   -16.426   -27.500     0.000 1106   -1   -1   -1
 770   -17.308    -4.207     0.000  749   -1   -1   -1
 771   -18.073    13.595     0.000  466   -1   -1   -1
 772   -17.051   -18.545     0.000  993   -1   -1   -1
 773   -18.556    20.641     0.000  374   -1   -1   -1
 774   -19.180    32.395     0.000  211   -1   -1   -1
 775   -18.319     6.531     0.000  574   -1   -1   -1
 776   -18.833    19.887     0.000  384   -1   -1   -1
 777   -19.404    34.597     0.000  185   -1   -1   -1
 778   -19.375    30.328     0.000  250   -1   -1   -1
 779   -19.590    34.707     0.000  183   -1   -1   -1
 780   -19.693    37.289     0.000  153   -1   -1   -1
 781   -19.787    38.994     0.000  129   -1   -1   -1
 782   -18.451    -0.573     0.000  691   -1   -1   -1
 783   -19.194    18.064     0.000  410   -1   -1   -1
 784   -18.870     5.436     0.000  597   -1   -1   -1
 785   -20.457    44.726     0.000   71   -1   -1   -1
 786   -18.515    -9.592     0.000  852   -1   -1   -1
 787   -18.789    -2.230     0.000  713   -1   -1   -1
 788   -18.954     1.452     0.000  655   -1   -1   -1
 789   -20.067    21.166     0.000  362   -1   -1   -1
 790   -18.842   -15.790     0.000  958   -1   -1   -1
 791   -20.315    22.244     0.000  345   -1   -1   -1
 792   -20.698    30.701     0.000  239   -1   -1   -1
 793   -19.235   -12.107     0.000  890   -1   -1   -1
 794   -19.024   -18.248     0.000  990   -1   -1   -1
 795   -19.544    -8.218     0.000  823   -1   -1   -1
 796   -20.687    20.064     0.000  380   -1   -1   -1
 797   -21.255    36.023     0.000  165   -1   -1   -1
 798   -19.688    -7.436     0.000  805   -1   -1   -1
 799   -21.791    47.754     0.000   43   -1   -1   -1
 800   -21.800    44.431     0.000   73   -1   -1   -1
 801   -20.731    11.596     0.000  497   -1   -1   -1
 802   -20.746     5.720     0.000  591   -1   -1   -1
 803   -19.632   -25.276     0.000 1088   -1   -1   -1
 804   -20.825     6.495     0.000  573   -1   -1   -1
 805   -20.274   -14.535     0.000  932   -1   -1   -1
 806   -21.516    18.055     0.000  408   -1   -1   -1
 807   -20.860    -2.983     0.000  721   -1   -1   -1
 808   -20.348   -22.352     0.000 1052   -1   -1   -1
 809   -22.803    43.768     0.000   80   -1   -1   -1
 810   -21.910    18.085     0.000  407   -1   -1   -1
 811   -22.650    38.812     0.000  134   -1   -1   -1
 812   -22.226    24.145     0.000  325   -1   -1   -1
 813   -21.794    10.507     0.000  518   -1   -1   -1
 814   -21.845    11.588     0.000  495   -1   -1   -1
 815   -21.972    12.933     0.000  477   -1   -1   -1
 816   -21.199   -10.825     0.000  878   -1   -1   -1
 817   -21.957     5.700     0.000  590   -1   -1   -1
 818   -21.500    -7.018     0.000  796   -1   -1   -1
 819   -22.557    19.845     0.000  383   -1   -1   -1
 820   -22.666    22.587     0.000  340   -1   -1   -1
 821   -23.494    44.339     0.000   74   -1   -1   -1
 822   -22.090     5.113     0.000  600   -1   -1   -1
 823   -21.221   -19.034     0.000  998   -1   -1   -1
 824   -21.719    -5.925     0.000  779   -1   -1   -1
 825   -21.262   -19.740     0.000 1012   -1   -1   -1
 826   -22.873    21.559     0.000  357   -1   -1   -1
 827   -22.680    11.492     0.000  499   -1   -1   -1
 828   -22.380     2.280     0.000  640   -1   -1   -1
 829   -23.049    20.057     0.000  379   -1   -1   -1
 830   -22.831     9.698     0.000  529   -1   -1   -1
 831   -22.561     0.418     0.000  674   -1   -1   -1
 832   -23.901    35.889     0.000  169   -1   -1   -1
 833   -22.358    -9.053     0.000  840   -1   -1   -1
 834   -24.354    40.944     0.000  103   -1   -1   -1
 835   -22.601    -7.186     0.000  798   -1   -1   -1
 836   -24.486    43.083     0.000   85   -1   -1   -1
 837   -24.027    29.788     0.000  256   -1   -1   -1
 838   -22.631    -8.481     0.000  830   -1   -1   -1
 839   -23.622    16.755     0.000  432   -1   -1   -1
 840   -24.546    41.531     0.000   99   -1   -1   -1
 841   -22.733    -9.835     0.000  857   -1   -1   -1
 842   -24.548    38.901     0.000  130   -1   -1   -1
 843   -23.394     4.890     0.000  601   -1   -1   -1
 844   -23.781    11.984     0.000  491   -1   -1   -1
 845   -22.801   -14.405     0.000  926   -1   -1   -1
 846   -24.174    18.147     0.000  405   -1   -1   -1
 847   -24.441    22.366     0.000  343   -1   -1   -1
 848   -22.522   -29.237     0.000 1132   -1   -1   -1
 849   -23.943     5.923     0.000  584   -1   -1   -1
 850   -24.383    17.703     0.000  415   -1   -1   -1
 851   -22.816   -27.671     0.000 1105   -1   -1   -1
 852   -23.999     1.822     0.000  645   -1   -1   -1
 853   -23.525   -11.743     0.000  885   -1   -1   -1
 854   -23.237   -20.061     0.000 1018   -1   -1   -1
 855   -25.966    44.913     0.000   68   -1   -1   -1
 856   -24.468     1.773     0.000  647   -1   -1   -1
 857   -24.958    13.411     0.000  468   -1   -1   -1
 858   -24.873    -4.979     0.000  765   -1   -1   -1
 859   -25.710    17.207     0.000  421   -1   -1   -1
 860   -24.997    -7.790     0.000  808   -1   -1   -1
 861   -26.594    30.743     0.000  236   -1   -1   -1
 862   -24.735   -19.989     0.000 1014   -1   -1   -1
 863   -26.223    18.035     0.000  406   -1   -1   -1
 864   -25.826     2.506     0.000  636   -1   -1   -1
 865   -26.462    15.337     0.000  446   -1   -1   -1
 866   -26.015    -3.713     0.000  736   -1   -1   -1
 867   -26.375    -0.562     0.000  690   -1   -1   -1
 868   -26.358    -2.921     0.000  718   -1   -1   -1
 869   -26.125   -10.114     0.000  862   -1   -1   -1
 870   -28.375    49.222     0.000   25   -1   -1   -1
 871   -28.088    40.732     0.000  106   -1   -1   -1
 872   -26.931     5.638     0.000  589   -1   -1   -1
 873   -26.427    -9.642     0.000  850   -1   -1   -1
 874   -28.140    34.307     0.000  189   -1   -1   -1
 875   -26.492   -11.298     0.000  880   -1   -1   -1
 876   -26.870    -3.215     0.000  722   -1   -1   -1
 877   -27.477    12.647     0.000  480   -1   -1   -1
 878   -27.677    17.333     0.000  420   -1   -1   -1
 879   -27.385     6.915     0.000  569   -1   -1   -1
 880   -26.186   -24.977     0.000 1079   -1   -1   -1
 881   -28.085    23.534     0.000  330   -1   -1   -1
 882   -26.918    -7.935     0.000  812   -1   -1   -1
 883   -26.105   -28.924     0.000 1125   -1   -1   -1
 884   -28.493    32.885     0.000  206   -1   -1   -1
 885   -28.695    27.709     0.000  280   -1   -1   -1
 886   -27.832     4.484     0.000  605   -1   -1   -1
 887   -29.374    38.553     0.000  136   -1   -1   -1
 888   -27.671   -10.503     0.000  869   -1   -1   -1
 889   -28.098     0.627     0.000  668   -1   -1   -1
 890   -27.775   -15.314     0.000  948   -1   -1   -1
 891   -29.095    14.871     0.000  453   -1   -1   -1
 892   -28.456    -2.785     0.000  716   -1   -1   -1
 893   -28.590    -2.928     0.000  717   -1   -1   -1
 894   -28.226   -15.423     0.000  951   -1   -1   -1
 895   -28.327   -13.074     0.000  904   -1   -1   -1
 896   -28.063   -20.682     0.000 1029   -1   -1   -1
 897   -29.113     2.788     0.000  631   -1   -1   -1
 898   -29.862    21.551     0.000  353   -1   -1   -1
 899   -28.924    -4.104     0.000  742   -1   -1   -1
 900   -29.365     5.304     0.000  594   -1   -1   -1
 901   -28.881    -8.213     0.000  817   -1   -1   -1
 902   -29.977    19.343     0.000  389   -1   -1   -1
 903   -28.758   -14.830     0.000  934   -1   -1   -1
 904   -31.367    50.266     0.000   17   -1   -1   -1
 905   -30.961    38.173     0.000  143   -1   -1   -1
 906   -29.975    10.103     0.000  523   -1   -1   -1
 907   -28.900   -20.198     0.000 1017   -1   -1   -1
 908   -29.861     3.017     0.000  628   -1   -1   -1
 909   -29.631    -4.372     0.000  745   -1   -1   -1
 910   -29.857     1.169     0.000  656   -1   -1   -1
 911   -29.457   -14.656     0.000  929   -1   -1   -1
 912   -30.808    16.697     0.000  430   -1   -1   -1
 913   -29.869    -9.414     0.000  844   -1   -1   -1
 914   -30.052   -13.646     0.000  911   -1   -1   -1
 915   -29.946   -20.276     0.000 1019   -1   -1   -1
 916   -30.561    -6.887     0.000  793   -1   -1   -1
 917   -31.107     1.553     0.000  648   -1   -1   -1
 918   -31.461     4.940     0.000  598   -1   -1   -1
 919   -30.969   -10.574     0.000  868   -1   -1   -1
 920   -32.001     7.339     0.000  564   -1   -1   -1
 921   -31.107   -17.839     0.000  981   -1   -1   -1
 922   -32.637    21.933     0.000  347   -1   -1   -1
 923   -31.361   -12.468     0.000  891   -1   -1   -1
 924   -32.598     9.657     0.000  526   -1   -1   -1
 925   -31.998    -8.242     0.000  816   -1   -1   -1
 926   -32.363    -4.904     0.000  761   -1   -1   -1
 927   -33.668    29.090     0.000  263   -1   -1   -1
 928   -32.453    -6.335     0.000  782   -1   -1   -1
 929   -32.707    -1.264     0.000  698   -1   -1   -1
 930   -32.064   -20.481     0.000 1025   -1   -1   -1
 931   -34.419    29.820     0.000  253   -1   -1   -1
 932   -33.547     6.201     0.000  577   -1   -1   -1
 933   -33.850     8.448     0.000  545   -1   -1   -1
 934   -32.712   -21.764     0.000 1041   -1   -1   -1
 935   -33.946     8.153     0.000  549   -1   -1   -1
 936   -34.297    11.918     0.000  489   -1   -1   -1
 937   -33.401   -14.792     0.000  930   -1   -1   -1
 938   -35.675    40.111     0.000  113   -1   -1   -1
 939   -35.444    27.439     0.000  282   -1   -1   -1
 940   -33.862   -14.489     0.000  923   -1   -1   -1
 941   -36.098    37.812     0.000  145   -1   -1   -1
 942   -36.201    34.010     0.000  192   -1   -1   -1
 943   -35.445    -1.119     0.000  694   -1   -1   -1
 944   -37.411    40.374     0.000  109   -1   -1   -1
 945   -37.314    37.594     0.000  148   -1   -1   -1
 946   -37.588    34.852     0.000  179   -1   -1   -1
 947   -37.746    30.672     0.000  234   -1   -1   -1
 948   -38.562    49.796     0.000   20   -1   -1   -1
 949   -37.597    17.528     0.000  413   -1   -1   -1
 950   -38.003    23.540     0.000  328   -1   -1   -1
 951   -37.581    10.992     0.000  504   -1   -1   -1
 952   -38.583    33.369     0.000  197   -1   -1   -1
 953   -36.389   -25.425     0.000 1081   -1   -1   -1
 954   -37.229    -8.593     0.000  821   -1   -1   -1
 955   -38.285    14.379     0.000  459   -1   -1   -1
 956   -36.945   -21.291     0.000 1036   -1   -1   -1
 957   -38.348    12.688     0.000  475   -1   -1   -1
 958   -37.895     0.451     0.000  666   -1   -1   -1
 959   -38.188     4.077     0.000  607   -1   -1   -1
 960   -38.528    11.326     0.000  494   -1   -1   -1
 961   -39.765    36.928     0.000  154   -1   -1   -1
 962   -38.500    -4.925     0.000  755   -1   -1   -1
 963   -38.769     0.831     0.000  660   -1   -1   -1
 964   -37.847   -23.557     0.000 1056   -1   -1   -1
 965   -40.168    35.211     0.000  173   -1   -1   -1
 966   -40.425    36.589     0.000  158   -1   -1   -1
 967   -38.700   -10.285     0.000  858   -1   -1   -1
 968   -38.108   -26.019     0.000 1090   -1   -1   -1
 969   -41.129    47.683     0.000   42   -1   -1   -1
 970   -39.115    -8.839     0.000  825   -1   -1   -1
 971   -38.960   -18.369     0.000  983   -1   -1   -1
 972   -39.162   -14.560     0.000  922   -1   -1   -1
 973   -38.939   -20.679     0.000 1023   -1   -1   -1
 974   -38.826   -23.982     0.000 1062   -1   -1   -1
 975   -38.552   -30.788     0.000 1154   -1   -1   -1
 976   -39.392   -10.286     0.000  856   -1   -1   -1
 977   -38.945   -22.180     0.000 1043   -1   -1   -1
 978   -41.850    49.841     0.000   19   -1   -1   -1
 979   -40.744    16.672     0.000  428   -1   -1   -1
 980   -38.978   -28.319     0.000 1107   -1   -1   -1
 981   -39.385   -19.550     0.000  997   -1   -1   -1
 982   -40.618     9.281     0.000  530   -1   -1   -1
 983   -39.624   -15.710     0.000  950   -1   -1   -1
 984   -39.931   -12.997     0.000  896   -1   -1   -1
 985   -40.641     0.892     0.000  658   -1   -1   -1
 986   -42.100    37.662     0.000  147   -1   -1   -1
 987   -41.420    16.884     0.000  422   -1   -1   -1
 988   -39.909   -21.583     0.000 1038   -1   -1   -1
 989   -39.803   -26.498     0.000 1096   -1   -1   -1
 990   -42.707    41.350     0.000  100   -1   -1   -1
 991   -39.897   -29.921     0.000 1139   -1   -1   -1
 992   -40.762   -10.458     0.000  861   -1   -1   -1
 993   -41.393    -0.334     0.000  679   -1   -1   -1
 994   -43.489    53.029     0.000    0   -1   -1   -1
 995   -40.671   -24.426     0.000 1070   -1   -1   -1
 996   -40.918   -22.899     0.000 1050   -1   -1   -1
 997   -41.996     1.549     0.000  643   -1   -1   -1
 998   -42.598    16.652     0.000  427   -1   -1   -1
 999   -43.223    29.841     0.000  252   -1   -1   -1
1000   -42.190     1.750     0.000  641   -1   -1   -1
1001   -42.881    14.822     0.000  450   -1   -1   -1
1002   -44.240    42.973     0.000   83   -1   -1   -1
1003   -43.873    24.554     0.000  319   -1   -1   -1
1004   -42.533   -12.535     0.000  888   -1   -1   -1
1005   -42.613   -15.231     0.000  933   -1   -1   -1
1006   -41.952   -31.539     0.000 1167   -1   -1   -1
1007   -44.761    26.325     0.000  297   -1   -1   -1
1008   -42.922   -19.720     0.000 1000   -1   -1   -1
1009   -45.425    39.458     0.000  121   -1   -1   -1
1010   -44.854    24.384     0.000  320   -1   -1   -1
1011   -45.727    33.180     0.000  200   -1   -1   -1
1012   -44.492   -23.054     0.000 1051   -1   -1   -1
1013   -45.398    -3.824     0.000  728   -1   -1   -1
1014   -44.703   -24.324     0.000 1067   -1   -1   -1
1015   -45.616    -6.783     0.000  784   -1   -1   -1
1016   -46.294     9.579     0.000  524   -1   -1   -1
1017   -46.343     7.865     0.000  551   -1   -1   -1
1018   -44.838   -29.674     0.000 1127   -1   -1   -1
1019   -46.795    16.319     0.000  433   -1   -1   -1
1020   -46.544     3.824     0.000  608   -1   -1   -1
1021   -45.350   -25.417     0.000 1076   -1   -1   -1
1022   -46.762     5.760     0.000  578   -1   -1   -1
1023   -46.698     1.445     0.000  642   -1   -1   -1
1024   -45.936   -29.967     0.000 1131   -1   -1   -1
1025   -46.963   -19.472     0.000  994   -1   -1   -1
1026   -48.526     7.751     0.000  556   -1   -1   -1
1027   -46.954   -30.250     0.000 1144   -1   -1   -1
1028   -47.614   -19.615     0.000  995   -1   -1   -1
1029   -47.375   -29.786     0.000 1128   -1   -1   -1
1030   -48.049   -15.653     0.000  940   -1   -1   -1
1031   -50.045    30.107     0.000  243   -1   -1   -1
1032   -49.202     7.782     0.000  554   -1   -1   -1
1033   -49.526     9.218     0.000  528   -1   -1   -1
1034   -49.655     7.797     0.000  552   -1   -1   -1
1035   -48.554   -18.922     0.000  987   -1   -1   -1
1036   -49.469     1.830     0.000  637   -1   -1   -1
1037   -49.869    -0.099     0.000  673   -1   -1   -1
1038   -49.615    -6.520     0.000  777   -1   -1   -1
1039   -50.560     5.444     0.000  581   -1   -1   -1
1040   -50.018    -8.068     0.000  801   -1   -1   -1
1041   -51.630    30.228     0.000  240   -1   -1   -1
1042   -49.856   -21.252     0.000 1027   -1   -1   -1
1043   -52.907    52.955     0.000    1   -1   -1   -1
1044   -51.393     8.179     0.000  543   -1   -1   -1
1045   -50.656   -11.082     0.000  867   -1   -1   -1
1046   -51.078    -3.835     0.000  723   -1   -1   -1
1047   -51.575     3.527     0.000  613   -1   -1   -1
1048   -50.219   -29.199     0.000 1114   -1   -1   -1
1049   -51.614     1.931     0.000  635   -1   -1   -1
1050   -50.756   -20.964     0.000 1020   -1   -1   -1
1051   -51.771    -8.010     0.000  799   -1   -1   -1
1052   -53.375    18.682     0.000  397   -1   -1   -1
1053   -53.393    17.800     0.000  403   -1   -1   -1
1054   -54.069    30.615     0.000  232   -1   -1   -1
1055   -55.474    39.292     0.000  123   -1   -1   -1
1056   -56.208    44.381     0.000   72   -1   -1   -1
1057   -56.352    36.563     0.000  155   -1   -1   -1
1058   -56.060    25.811     0.000  300   -1   -1   -1
1059   -56.093    18.849     0.000  392   -1   -1   -1
1060   -56.219    16.514     0.000  425   -1   -1   -1
1061   -56.473    20.498     0.000  363   -1   -1   -1
1062   -56.487    20.208     0.000  369   -1   -1   -1
1063   -56.515    19.694     0.000  378   -1   -1   -1
1064   -56.466    17.807     0.000  402   -1   -1   -1
1065   -56.538    18.763     0.000  395   -1   -1   -1
1066   -56.598    16.571     0.000  424   -1   -1   -1
1067   -56.363    10.218     0.000  511   -1   -1   -1
1068   -56.587    15.416     0.000  442   -1   -1   -1
1069   -57.507    32.544     0.000  207   -1   -1   -1
1070   -57.108    20.360     0.000  364   -1   -1   -1
1071   -57.125    19.703     0.000  377   -1   -1   -1
1072   -58.364    49.303     0.000   22   -1   -1   -1
1073   -58.331    46.376     0.000   51   -1   -1   -1
1074   -57.184    17.431     0.000  409   -1   -1   -1
1075   -57.703    29.396     0.000  255   -1   -1   -1
1076   -57.213    14.695     0.000  448   -1   -1   -1
1077   -57.589    23.840     0.000  323   -1   -1   -1
1078   -55.429   -28.124     0.000 1102   -1   -1   -1
1079   -58.592    41.270     0.000   98   -1   -1   -1
1080   -58.813    45.725     0.000   58   -1   -1   -1
1081   -58.686    20.179     0.000  368   -1   -1   -1
1082   -60.046    51.031     0.000   13   -1   -1   -1
1083   -57.071   -27.044     0.000 1094   -1   -1   -1
1084   -57.290   -23.139     0.000 1047   -1   -1   -1
1085   -59.587    31.322     0.000  220   -1   -1   -1
1086   -60.027    38.002     0.000  142   -1   -1   -1
1087   -59.932    33.772     0.000  191   -1   -1   -1
1088   -58.614     0.097     0.000  661   -1   -1   -1
1089   -57.989   -18.071     0.000  973   -1   -1   -1
1090   -59.022     5.496     0.000  579   -1   -1   -1
1091   -57.562   -30.058     0.000 1126   -1   -1   -1
1092   -57.720   -27.092     0.000 1095   -1   -1   -1
1093   -59.938    23.899     0.000  321   -1   -1   -1
1094   -58.496   -11.620     0.000  875   -1   -1   -1
1095   -60.358    29.333     0.000  257   -1   -1   -1
1096   -59.368     4.652     0.000  595   -1   -1   -1
1097   -59.333     2.376     0.000  627   -1   -1   -1
1098   -59.546     3.509     0.000  609   -1   -1   -1
1099   -58.526   -22.480     0.000 1040   -1   -1   -1
1100   -59.014   -13.673     0.000  899   -1   -1   -1
1101   -60.520    18.598     0.000  396   -1   -1   -1
1102   -61.226    31.911     0.000  212   -1   -1   -1
1103   -59.380   -13.981     0.000  905   -1   -1   -1
1104   -60.365     3.250     0.000  614   -1   -1   -1
1105   -59.441   -23.959     0.000 1053   -1   -1   -1
1106   -60.193    -7.532     0.000  791   -1   -1   -1
1107   -59.940   -16.188     0.000  947   -1   -1   -1
1108   -60.891     5.122     0.000  585   -1   -1   -1
1109   -60.273    -9.416     0.000  827   -1   -1   -1
1110   -60.192   -12.920     0.000  887   -1   -1   -1
1111   -62.593    43.246     0.000   82   -1   -1   -1
1112   -62.485    38.894     0.000  126   -1   -1   -1
1113   -62.094    25.027     0.000  307   -1   -1   -1
1114   -61.043    -1.675     0.000  693   -1   -1   -1
1115   -60.310   -20.637     0.000 1006   -1   -1   -1
1116   -63.134    46.200     0.000   53   -1   -1   -1
1117   -60.556   -16.486     0.000  954   -1   -1   -1
1118   -61.723    10.237     0.000  509   -1   -1   -1
1119   -62.167    18.065     0.000  400   -1   -1   -1
1120   -62.983    33.980     0.000  187   -1   -1   -1
1121   -61.972     7.280     0.000  558   -1   -1   -1
1122   -63.258    30.673     0.000  226   -1   -1   -1
1123   -63.469    35.163     0.000  172   -1   -1   -1
1124   -62.082    -1.246     0.000  687   -1   -1   -1
1125   -61.768    -9.197     0.000  820   -1   -1   -1
1126   -61.844   -13.400     0.000  892   -1   -1   -1
1127   -63.151    12.340     0.000  473   -1   -1   -1
1128   -64.263    38.914     0.000  124   -1   -1   -1
1129   -63.199     7.590     0.000  548   -1   -1   -1
1130   -64.064    27.386     0.000  275   -1   -1   -1
1131   -64.668    40.389     0.000  107   -1   -1   -1
1132   -64.238    28.404     0.000  268   -1   -1   -1
1133   -63.490    10.029     0.000  512   -1   -1   -1
1134   -64.632    32.664     0.000  204   -1   -1   -1
1135   -63.826    12.906     0.000  465   -1   -1   -1
1136   -64.737    29.874     0.000  244   -1   -1   -1
1137   -62.833   -15.763     0.000  931   -1   -1   -1
1138   -62.402   -25.744     0.000 1073   -1   -1   -1
1139   -63.357    -7.790     0.000  794   -1   -1   -1
1140   -65.160    27.244     0.000  279   -1   -1   -1
1141   -64.664    15.119     0.000  444   -1   -1   -1
1142   -65.019    22.646     0.000  332   -1   -1   -1
1143   -63.285   -20.941     0.000 1010   -1   -1   -1
1144   -64.654     9.120     0.000  525   -1   -1   -1
1145   -64.610     7.087     0.000  560   -1   -1   -1
1146   -64.480     2.892     0.000  618   -1   -1   -1
1147   -63.269   -25.517     0.000 1072   -1   -1   -1
1148   -64.910     8.633     0.000  533   -1   -1   -1
1149   -63.767   -18.498     0.000  978   -1   -1   -1
1150   -63.871   -17.194     0.000  960   -1   -1   -1
1151   -65.654    21.268     0.000  350   -1   -1   -1
1152   -66.148    29.774     0.000  249   -1   -1   -1
1153   -63.970   -21.824     0.000 1030   -1   -1   -1
1154   -64.843    -2.781     0.000  703   -1   -1   -1
1155   -64.824    -5.363     0.000  747   -1   -1   -1
1156   -66.422    30.623     0.000  227   -1   -1   -1
1157   -64.740   -12.679     0.000  883   -1   -1   -1
1158   -65.926    14.124     0.000  454   -1   -1   -1
1159   -64.487   -19.433     0.000  988   -1   -1   -1
1160   -65.351    -0.816     0.000  677   -1   -1   -1
1161   -65.844    10.098     0.000  510   -1   -1   -1
1162   -64.620   -18.086     0.000  970   -1   -1   -1
1163   -64.694   -20.675     0.000 1005   -1   -1   -1
1164   -66.814    26.355     0.000  288   -1   -1   -1
1165   -66.461    10.646     0.000  498   -1   -1   -1
1166   -66.628    13.080     0.000  463   -1   -1   -1
1167   -67.052    22.036     0.000  337   -1   -1   -1
1168   -66.402     6.420     0.000  565   -1   -1   -1
1169   -66.489     3.734     0.000  602   -1   -1   -1
1170   -65.291   -24.893     0.000 1064   -1   -1   -1
1171   -65.436   -21.954     0.000 1031   -1   -1   -1
1172   -65.706   -16.258     0.000  943   -1   -1   -1
1173   -66.017   -12.087     0.000  879   -1   -1   -1
1174   -66.910    -2.844     0.000  704   -1   -1   -1
1175   -66.437   -14.122     0.000  903   -1   -1   -1
1176   -66.627   -22.042     0.000 1034   -1   -1   -1
1177   -67.168   -11.030     0.000  854   -1   -1   -1
1178   -67.192   -19.484     0.000  986   -1   -1   -1
1179   -67.143   -22.020     0.000 1032   -1   -1   -1
