1186
   1    51.402    32.554     0.000  217   -1   -1   -1
   2    51.146    31.436     0.000  236   -1   -1   -1
   3    50.590    35.565     0.000  174   -1   -1   -1
   4    50.399    41.215     0.000  106   -1   -1   -1
   5    51.010     7.518     0.000  580   -1   -1   -1
   6    51.073     3.421     0.000  658   -1   -1   -1
   7    49.891    41.797     0.000  101   -1   -1   -1
   8    50.564     7.737     0.000  574   -1   -1   -1
   9    50.396    13.883     0.000  487   -1   -1   -1
  10    50.253    15.704     0.000  463   -1   -1   -1
  11    50.274     4.643     0.000  631   -1   -1   -1
  12    50.153     5.542     0.000  618   -1   -1   -1
  13    49.938     9.904     0.000  549   -1   -1   -1
  14    49.117    30.172     0.000  257   -1   -1   -1
  15    50.227   -13.127     0.000  959   -1   -1   -1
  16    49.748    -2.418     0.000  760   -1   -1   -1
  17    48.879    23.184     0.000  343   -1   -1   -1
  18    49.234     7.576     0.000  576   -1   -1   -1
  19    48.376    38.274     0.000  141   -1   -1   -1
  20    48.184    31.511     0.000  232   -1   -1   -1
  21    48.358    20.412     0.000  392   -1   -1   -1
  22    48.451    13.612     0.000  492   -1   -1   -1
  23    49.008    -7.542     0.000  855   -1   -1   -1
  24    47.872    26.686     0.000  301   -1   -1   -1
  25    48.797   -17.569     0.000 1017   -1   -1   -1
  26    47.247    34.095     0.000  194   -1   -1   -1
  27    47.015    41.521     0.000  102   -1   -1   -1
  28    47.667    -3.456     0.000  790   -1   -1   -1
  29    47.980   -20.239     0.000 1055   -1   -1   -1
  30    47.651   -12.534     0.000  942   -1   -1   -1
  31    46.376    29.604     0.000  264   -1   -1   -1
  32    46.336    30.297     0.000  255   -1   -1   -1
  33    46.588    20.580     0.000  387   -1   -1   -1
  34    46.380    21.535     0.000  371   -1   -1   -1
  35    46.697     5.880     0.000  609   -1   -1   -1
  36    46.085    17.528     0.000  433   -1   -1   -1
  37    45.875    18.892     0.000  413   -1   -1   -1
  38    45.110    45.647     0.000   68   -1   -1   -1
  39    46.616   -13.491     0.000  962   -1   -1   -1
  40    45.914     3.533     0.000  652   -1   -1   -1
  41    45.407    13.009     0.000  499   -1   -1   -1
  42    46.005   -23.613     0.000 1102   -1   -1   -1
  43    44.722    22.634     0.000  350   -1   -1   -1
  44    45.191     1.835     0.000  685   -1   -1   -1
  45    44.158    39.991     0.000  120   -1   -1   -1
  46    44.239    28.913     0.000  271   -1   -1   -1
  47    44.211    27.319     0.000  294   -1   -1   -1
  48    44.839     3.424     0.000  655   -1   -1   -1
  49    45.498   -23.145     0.000 1090   -1   -1   -1
  50    44.320    16.661     0.000  446   -1   -1   -1
  51    43.458    46.519     0.000   62   -1   -1   -1
  52    43.721    24.717     0.000  325   -1   -1   -1
  53    43.801    17.019     0.000  441   -1   -1   -1
  54    43.137    35.337     0.000  176   -1   -1   -1
  55    43.886     1.413     0.000  694   -1   -1   -1
  56    43.387    12.851     0.000  500   -1   -1   -1
  57    42.772    27.408     0.000  291   -1   -1   -1
  58    43.389    -0.714     0.000  732   -1   -1   -1
  59    43.313     0.758     0.000  709   -1   -1   -1
  60    41.625    52.811     0.000    7   -1   -1   -1
  61    41.563    48.801     0.000   44   -1   -1   -1
  62    43.044    -7.759     0.000  857   -1   -1   -1
  63    41.111    54.002     0.000    0   -1   -1   -1
  64    40.929    53.708     0.000    1   -1   -1   -1
  65    40.962    52.245     0.000   11   -1   -1   -1
  66    41.960    12.784     0.000  501   -1   -1   -1
  67    40.882    50.531     0.000   24   -1   -1   -1
  68    40.638    53.352     0.000    4   -1   -1   -1
  69    40.731    48.703     0.000   45   -1   -1   -1
  70    40.399    37.320     0.000  152   -1   -1   -1
  71    40.324    34.822     0.000  185   -1   -1   -1
  72    40.079    17.312     0.000  435   -1   -1   -1
  73    39.731    12.739     0.000  502   -1   -1   -1
  74    39.399    22.534     0.000  352   -1   -1   -1
  75    39.495    15.620     0.000  462   -1   -1   -1
  76    40.485   -22.382     0.000 1080   -1   -1   -1
  77    39.455    11.347     0.000  527   -1   -1   -1
  78    39.366    14.146     0.000  478   -1   -1   -1
  79    39.369    13.580     0.000  489   -1   -1   -1
  80    39.440    10.294     0.000  538   -1   -1   -1
  81    39.115    17.445     0.000  432   -1   -1   -1
  82    39.364     8.199     0.000  568   -1   -1   -1
  83    39.320     7.091     0.000  583   -1   -1   -1
  84    39.259     2.110     0.000  677   -1   -1   -1
  85    39.136     4.703     0.000  628   -1   -1   -1
  86    38.635    22.532     0.000  351   -1   -1   -1
  87    39.179     2.738     0.000  666   -1   -1   -1
  88    39.143     3.572     0.000  645   -1   -1   -1
  89    39.106     2.241     0.000  675   -1   -1   -1
  90    39.017     1.189     0.000  698   -1   -1   -1
  91    39.017    -2.326     0.000  755   -1   -1   -1
  92    38.891    -0.258     0.000  725   -1   -1   -1
  93    38.915    -2.995     0.000  768   -1   -1   -1
  94    38.815    -2.477     0.000  756   -1   -1   -1
  95    37.382    48.462     0.000   49   -1   -1   -1
  96    38.120    19.794     0.000  397   -1   -1   -1
  97    39.307   -23.157     0.000 1086   -1   -1   -1
  98    38.769    -4.809     0.000  806   -1   -1   -1
  99    38.677    -5.809     0.000  816   -1   -1   -1
 100    38.671    -6.993     0.000  838   -1   -1   -1
 101    38.148    11.416     0.000  525   -1   -1   -1
 102    36.942    52.779     0.000    8   -1   -1   -1
 103    38.639    -8.236     0.000  863   -1   -1   -1
 104    36.959    52.074     0.000   13   -1   -1   -1
 105    38.519   -10.209     0.000  895   -1   -1   -1
 106    38.180    -3.660     0.000  788   -1   -1   -1
 107    37.304    27.400     0.000  290   -1   -1   -1
 108    38.448   -14.960     0.000  981   -1   -1   -1
 109    38.437   -15.927     0.000  990   -1   -1   -1
 110    37.304    11.424     0.000  524   -1   -1   -1
 111    36.654    27.869     0.000  285   -1   -1   -1
 112    37.066    12.881     0.000  498   -1   -1   -1
 113    38.131   -29.840     0.000 1184   -1   -1   -1
 114    36.384    22.203     0.000  358   -1   -1   -1
 115    36.153    16.507     0.000  447   -1   -1   -1
 116    35.606    34.594     0.000  187   -1   -1   -1
 117    34.946    52.112     0.000   12   -1   -1   -1
 118    34.854    51.342     0.000   21   -1   -1   -1
 119    35.402    25.870     0.000  313   -1   -1   -1
 120    35.871    -3.053     0.000  767   -1   -1   -1
 121    34.843    16.842     0.000  443   -1   -1   -1
 122    35.131     2.516     0.000  668   -1   -1   -1
 123    35.303    -3.717     0.000  787   -1   -1   -1
 124    33.809    32.047     0.000  220   -1   -1   -1
 125    34.939   -10.658     0.000  904   -1   -1   -1
 126    34.793    -7.741     0.000  850   -1   -1   -1
 127    33.970    -0.856     0.000  730   -1   -1   -1
 128    33.930    -1.826     0.000  744   -1   -1   -1
 129    34.214   -22.833     0.000 1083   -1   -1   -1
 130    34.269   -25.103     0.000 1116   -1   -1   -1
 131    33.607    -3.395     0.000  778   -1   -1   -1
 132    31.849    48.837     0.000   43   -1   -1   -1
 133    33.546   -27.412     0.000 1153   -1   -1   -1
 134    31.592    37.875     0.000  144   -1   -1   -1
 135    32.854    -7.355     0.000  843   -1   -1   -1
 136    33.421   -28.565     0.000 1172   -1   -1   -1
 137    32.650    -3.268     0.000  774   -1   -1   -1
 138    31.304    35.774     0.000  170   -1   -1   -1
 139    32.919   -26.025     0.000 1122   -1   -1   -1
 140    32.903   -26.705     0.000 1138   -1   -1   -1
 141    30.534    51.598     0.000   17   -1   -1   -1
 142    32.776   -31.224     0.000 1185   -1   -1   -1
 143    30.914    28.748     0.000  272   -1   -1   -1
 144    32.402   -25.077     0.000 1115   -1   -1   -1
 145    30.817    20.620     0.000  381   -1   -1   -1
 146    29.914    51.029     0.000   22   -1   -1   -1
 147    32.136   -26.657     0.000 1136   -1   -1   -1
 148    29.552    47.332     0.000   56   -1   -1   -1
 149    29.399    38.667     0.000  138   -1   -1   -1
 150    28.686    46.962     0.000   58   -1   -1   -1
 151    28.926    21.121     0.000  373   -1   -1   -1
 152    29.832   -10.574     0.000  897   -1   -1   -1
 153    29.156    11.740     0.000  519   -1   -1   -1
 154    28.759    19.180     0.000  403   -1   -1   -1
 155    29.806   -27.395     0.000 1148   -1   -1   -1
 156    27.530    45.059     0.000   71   -1   -1   -1
 157    29.083   -19.345     0.000 1039   -1   -1   -1
 158    28.771   -12.018     0.000  929   -1   -1   -1
 159    28.671   -12.342     0.000  933   -1   -1   -1
 160    28.519   -10.723     0.000  900   -1   -1   -1
 161    28.318    -7.932     0.000  851   -1   -1   -1
 162    28.560   -20.050     0.000 1047   -1   -1   -1
 163    26.854    35.980     0.000  169   -1   -1   -1
 164    28.689   -26.645     0.000 1134   -1   -1   -1
 165    28.053   -13.227     0.000  947   -1   -1   -1
 166    26.975    18.276     0.000  414   -1   -1   -1
 167    27.639    -8.161     0.000  856   -1   -1   -1
 168    26.696    20.741     0.000  378   -1   -1   -1
 169    27.206     1.989     0.000  673   -1   -1   -1
 170    27.591   -19.115     0.000 1035   -1   -1   -1
 171    26.495     8.996     0.000  558   -1   -1   -1
 172    26.284    15.122     0.000  466   -1   -1   -1
 173    27.179   -15.194     0.000  978   -1   -1   -1
 174    27.584   -28.584     0.000 1167   -1   -1   -1
 175    27.111   -18.108     0.000 1015   -1   -1   -1
 176    25.006    51.606     0.000   16   -1   -1   -1
 177    25.436    34.986     0.000  178   -1   -1   -1
 178    26.368     1.274     0.000  689   -1   -1   -1
 179    26.132    -2.331     0.000  752   -1   -1   -1
 180    25.887   -11.481     0.000  915   -1   -1   -1
 181    25.301     1.603     0.000  680   -1   -1   -1
 182    24.692    19.086     0.000  404   -1   -1   -1
 183    25.490    -7.552     0.000  844   -1   -1   -1
 184    24.510    23.272     0.000  335   -1   -1   -1
 185    24.644    14.462     0.000  471   -1   -1   -1
 186    23.433    51.519     0.000   18   -1   -1   -1
 187    23.725    39.817     0.000  122   -1   -1   -1
 188    25.544   -23.826     0.000 1091   -1   -1   -1
 189    24.452     6.261     0.000  593   -1   -1   -1
 190    23.126    49.260     0.000   36   -1   -1   -1
 191    23.374    39.816     0.000  121   -1   -1   -1
 192    24.646    -3.689     0.000  781   -1   -1   -1
 193    25.045   -19.265     0.000 1036   -1   -1   -1
 194    24.373    -5.156     0.000  805   -1   -1   -1
 195    23.143    32.679     0.000  211   -1   -1   -1
 196    23.195    30.430     0.000  246   -1   -1   -1
 197    24.783   -24.251     0.000 1098   -1   -1   -1
 198    23.372    15.802     0.000  459   -1   -1   -1
 199    23.574     6.970     0.000  579   -1   -1   -1
 200    23.392    12.036     0.000  510   -1   -1   -1
 201    23.934    -9.086     0.000  874   -1   -1   -1
 202    22.192    48.820     0.000   42   -1   -1   -1
 203    23.737    -4.229     0.000  792   -1   -1   -1
 204    23.161     9.975     0.000  539   -1   -1   -1
 205    21.914    39.538     0.000  125   -1   -1   -1
 206    21.705    45.515     0.000   69   -1   -1   -1
 207    23.535   -15.208     0.000  977   -1   -1   -1
 208    23.490   -15.776     0.000  986   -1   -1   -1
 209    23.387   -13.281     0.000  944   -1   -1   -1
 210    23.794   -27.504     0.000 1146   -1   -1   -1
 211    22.952    -0.820     0.000  727   -1   -1   -1
 212    22.791     0.344     0.000  707   -1   -1   -1
 213    23.354   -19.649     0.000 1041   -1   -1   -1
 214    22.645    -3.314     0.000  765   -1   -1   -1
 215    22.386    -0.423     0.000  720   -1   -1   -1
 216    22.323    -2.148     0.000  747   -1   -1   -1
 217    21.690    17.722     0.000  425   -1   -1   -1
 218    20.670    48.815     0.000   41   -1   -1   -1
 219    22.255   -11.871     0.000  921   -1   -1   -1
 220    20.624    36.791     0.000  156   -1   -1   -1
 221    21.134    14.802     0.000  467   -1   -1   -1
 222    21.678    -5.072     0.000  800   -1   -1   -1
 223    21.806   -10.226     0.000  887   -1   -1   -1
 224    21.617    -8.551     0.000  861   -1   -1   -1
 225    21.841   -20.333     0.000 1048   -1   -1   -1
 226    19.716    49.411     0.000   34   -1   -1   -1
 227    21.443   -11.371     0.000  910   -1   -1   -1
 228    21.864   -26.856     0.000 1133   -1   -1   -1
 229    21.437   -16.046     0.000  988   -1   -1   -1
 230    20.242    21.588     0.000  364   -1   -1   -1
 231    19.960    30.204     0.000  251   -1   -1   -1
 232    21.093   -12.525     0.000  932   -1   -1   -1
 233    20.799    -3.648     0.000  775   -1   -1   -1
 234    19.784    28.438     0.000  276   -1   -1   -1
 235    20.514     4.429     0.000  623   -1   -1   -1
 236    20.848    -6.845     0.000  823   -1   -1   -1
 237    20.681    -1.669     0.000  739   -1   -1   -1
 238    20.337     8.898     0.000  557   -1   -1   -1
 239    20.802    -8.780     0.000  867   -1   -1   -1
 240    19.528    31.438     0.000  226   -1   -1   -1
 241    20.836   -13.251     0.000  940   -1   -1   -1
 242    21.348   -29.565     0.000 1181   -1   -1   -1
 243    21.224   -26.587     0.000 1126   -1   -1   -1
 244    20.241     0.099     0.000  713   -1   -1   -1
 245    21.136   -28.780     0.000 1166   -1   -1   -1
 246    20.517   -11.391     0.000  909   -1   -1   -1
 247    20.662   -17.901     0.000 1011   -1   -1   -1
 248    18.514    51.996     0.000   14   -1   -1   -1
 249    20.397   -10.601     0.000  891   -1   -1   -1
 250    19.069    31.246     0.000  231   -1   -1   -1
 251    18.014    53.668     0.000    2   -1   -1   -1
 252    18.020    52.714     0.000    9   -1   -1   -1
 253    18.645    30.125     0.000  252   -1   -1   -1
 254    20.044   -20.004     0.000 1045   -1   -1   -1
 255    19.829   -17.617     0.000 1006   -1   -1   -1
 256    19.417    -7.066     0.000  828   -1   -1   -1
 257    19.427   -10.722     0.000  894   -1   -1   -1
 258    19.391   -12.139     0.000  926   -1   -1   -1
 259    18.986    -5.124     0.000  799   -1   -1   -1
 260    18.775     0.072     0.000  712   -1   -1   -1
 261    19.323   -17.703     0.000 1008   -1   -1   -1
 262    17.486    34.210     0.000  188   -1   -1   -1
 263    17.339    38.873     0.000  134   -1   -1   -1
 264    19.329   -26.870     0.000 1129   -1   -1   -1
 265    17.523    30.896     0.000  240   -1   -1   -1
 266    18.505    -1.182     0.000  728   -1   -1   -1
 267    17.499    27.569     0.000  286   -1   -1   -1
 268    18.675   -11.385     0.000  908   -1   -1   -1
 269    17.098    37.198     0.000  149   -1   -1   -1
 270    18.661   -17.429     0.000 1002   -1   -1   -1
 271    17.223    25.592     0.000  315   -1   -1   -1
 272    18.706   -26.827     0.000 1128   -1   -1   -1
 273    18.131   -15.693     0.000  983   -1   -1   -1
 274    16.556    33.483     0.000  199   -1   -1   -1
 275    16.334    34.142     0.000  189   -1   -1   -1
 276    18.282   -28.675     0.000 1165   -1   -1   -1
 277    17.161     3.919     0.000  632   -1   -1   -1
 278    16.851    10.497     0.000  531   -1   -1   -1
 279    17.767   -18.671     0.000 1022   -1   -1   -1
 280    15.586    49.676     0.000   30   -1   -1   -1
 281    16.961     1.065     0.000  688   -1   -1   -1
 282    15.437    49.126     0.000   37   -1   -1   -1
 283    15.653    39.363     0.000  126   -1   -1   -1
 284    16.058    25.972     0.000  310   -1   -1   -1
 285    15.215    52.201     0.000   10   -1   -1   -1
 286    17.630   -28.242     0.000 1159   -1   -1   -1
 287    16.928    -6.715     0.000  819   -1   -1   -1
 288    15.320    40.427     0.000  112   -1   -1   -1
 289    15.573    30.580     0.000  244   -1   -1   -1
 290    16.114    12.013     0.000  509   -1   -1   -1
 291    15.318    36.912     0.000  153   -1   -1   -1
 292    16.046    10.173     0.000  536   -1   -1   -1
 293    15.487    27.897     0.000  280   -1   -1   -1
 294    15.080    41.136     0.000  104   -1   -1   -1
 295    16.236     1.298     0.000  682   -1   -1   -1
 296    16.736   -14.683     0.000  969   -1   -1   -1
 297    17.226   -29.840     0.000 1182   -1   -1   -1
 298    15.428    26.519     0.000  298   -1   -1   -1
 299    14.834    43.846     0.000   78   -1   -1   -1
 300    17.042   -26.995     0.000 1132   -1   -1   -1
 301    15.576    17.139     0.000  431   -1   -1   -1
 302    16.016     2.481     0.000  663   -1   -1   -1
 303    16.459   -14.856     0.000  973   -1   -1   -1
 304    16.301   -11.684     0.000  913   -1   -1   -1
 305    15.318    19.136     0.000  400   -1   -1   -1
 306    16.550   -20.811     0.000 1052   -1   -1   -1
 307    16.527   -26.997     0.000 1131   -1   -1   -1
 308    16.406   -25.060     0.000 1110   -1   -1   -1
 309    16.264   -21.851     0.000 1063   -1   -1   -1
 310    14.511    25.982     0.000  308   -1   -1   -1
 311    14.651    20.497     0.000  379   -1   -1   -1
 312    14.665    18.462     0.000  411   -1   -1   -1
 313    14.002    39.125     0.000  129   -1   -1   -1
 314    13.714    45.969     0.000   65   -1   -1   -1
 315    14.434    15.820     0.000  456   -1   -1   -1
 316    14.248    21.685     0.000  360   -1   -1   -1
 317    15.265   -12.927     0.000  936   -1   -1   -1
 318    15.121   -16.208     0.000  987   -1   -1   -1
 319    13.603    30.949     0.000  238   -1   -1   -1
 320    14.115    12.698     0.000  495   -1   -1   -1
 321    14.334     4.537     0.000  621   -1   -1   -1
 322    15.210   -23.410     0.000 1082   -1   -1   -1
 323    14.530    -2.432     0.000  748   -1   -1   -1
 324    14.275     3.391     0.000  642   -1   -1   -1
 325    14.049     5.619     0.000  601   -1   -1   -1
 326    14.472    -7.857     0.000  845   -1   -1   -1
 327    13.186    29.489     0.000  260   -1   -1   -1
 328    13.150    27.837     0.000  282   -1   -1   -1
 329    13.748     7.897     0.000  565   -1   -1   -1
 330    14.178    -7.639     0.000  837   -1   -1   -1
 331    14.345   -13.892     0.000  953   -1   -1   -1
 332    12.365    48.790     0.000   40   -1   -1   -1
 333    14.787   -28.776     0.000 1164   -1   -1   -1
 334    13.628     4.181     0.000  625   -1   -1   -1
 335    12.556    38.364     0.000  139   -1   -1   -1
 336    12.356    44.486     0.000   73   -1   -1   -1
 337    12.864    26.318     0.000  300   -1   -1   -1
 338    13.514     1.670     0.000  674   -1   -1   -1
 339    13.783    -9.056     0.000  868   -1   -1   -1
 340    12.078    43.848     0.000   77   -1   -1   -1
 341    13.831   -12.341     0.000  927   -1   -1   -1
 342    14.389   -29.653     0.000 1180   -1   -1   -1
 343    13.312     2.513     0.000  659   -1   -1   -1
 344    12.572    19.983     0.000  389   -1   -1   -1
 345    13.146     1.017     0.000  687   -1   -1   -1
 346    12.528    20.251     0.000  384   -1   -1   -1
 347    12.948     3.040     0.000  644   -1   -1   -1
 348    13.192    -6.584     0.000  817   -1   -1   -1
 349    12.624     9.210     0.000  547   -1   -1   -1
 350    13.264   -11.619     0.000  911   -1   -1   -1
 351    13.534   -21.603     0.000 1060   -1   -1   -1
 352    12.751     1.676     0.000  672   -1   -1   -1
 353    12.371    11.263     0.000  520   -1   -1   -1
 354    11.751    25.740     0.000  311   -1   -1   -1
 355    11.633    28.990     0.000  268   -1   -1   -1
 356    12.488     0.144     0.000  705   -1   -1   -1
 357    12.436     0.600     0.000  696   -1   -1   -1
 358    11.512    29.178     0.000  265   -1   -1   -1
 359    12.303     2.863     0.000  649   -1   -1   -1
 360    11.754    19.990     0.000  388   -1   -1   -1
 361    12.505    -3.712     0.000  771   -1   -1   -1
 362    10.791    49.998     0.000   27   -1   -1   -1
 363    13.086   -26.345     0.000 1118   -1   -1   -1
 364    12.288    -5.382     0.000  804   -1   -1   -1
 365    11.362    23.046     0.000  337   -1   -1   -1
 366    11.373    21.973     0.000  356   -1   -1   -1
 367    11.540    16.548     0.000  439   -1   -1   -1
 368    12.814   -22.984     0.000 1076   -1   -1   -1
 369    12.434   -12.748     0.000  931   -1   -1   -1
 370    11.336    13.369     0.000  486   -1   -1   -1
 371    12.001   -10.590     0.000  889   -1   -1   -1
 372    10.174    43.322     0.000   84   -1   -1   -1
 373    12.344   -25.054     0.000 1108   -1   -1   -1
 374    10.879    15.615     0.000  458   -1   -1   -1
 375    10.956    13.012     0.000  491   -1   -1   -1
 376    11.976   -20.084     0.000 1042   -1   -1   -1
 377    10.374    28.204     0.000  279   -1   -1   -1
 378    11.228     0.108     0.000  706   -1   -1   -1
 379     9.863    42.276     0.000   92   -1   -1   -1
 380    10.689    13.521     0.000  481   -1   -1   -1
 381    11.836   -22.888     0.000 1073   -1   -1   -1
 382    10.431    20.118     0.000  385   -1   -1   -1
 383    11.139    -2.719     0.000  753   -1   -1   -1
 384    11.262    -7.557     0.000  834   -1   -1   -1
 385    11.476   -15.977     0.000  985   -1   -1   -1
 386     9.723    33.998     0.000  191   -1   -1   -1
 387    11.048    -7.806     0.000  839   -1   -1   -1
 388    11.710   -28.574     0.000 1161   -1   -1   -1
 389    10.732     0.826     0.000  691   -1   -1   -1
 390     9.547    32.350     0.000  212   -1   -1   -1
 391    10.659    -3.407     0.000  761   -1   -1   -1
 392    11.248   -25.058     0.000 1107   -1   -1   -1
 393     9.503    26.092     0.000  305   -1   -1   -1
 394    10.167     5.072     0.000  611   -1   -1   -1
 395    11.281   -29.748     0.000 1179   -1   -1   -1
 396    10.672   -12.111     0.000  919   -1   -1   -1
 397     9.297    24.925     0.000  319   -1   -1   -1
 398     8.816    40.095     0.000  116   -1   -1   -1
 399    10.056     0.141     0.000  703   -1   -1   -1
 400    10.891   -26.812     0.000 1124   -1   -1   -1
 401     8.604    40.790     0.000  109   -1   -1   -1
 402     8.918    27.234     0.000  289   -1   -1   -1
 403     8.065    51.382     0.000   19   -1   -1   -1
 404    10.040   -13.104     0.000  937   -1   -1   -1
 405    10.542   -28.291     0.000 1156   -1   -1   -1
 406     9.487     3.542     0.000  637   -1   -1   -1
 407     9.666    -3.475     0.000  762   -1   -1   -1
 408     9.691    -6.752     0.000  818   -1   -1   -1
 409     8.749    21.501     0.000  362   -1   -1   -1
 410     9.855   -13.896     0.000  949   -1   -1   -1
 411     8.849    16.193     0.000  445   -1   -1   -1
 412     9.189     5.388     0.000  604   -1   -1   -1
 413     8.846    15.759     0.000  454   -1   -1   -1
 414     8.009    35.916     0.000  167   -1   -1   -1
 415     8.086    29.342     0.000  262   -1   -1   -1
 416     9.567   -22.114     0.000 1065   -1   -1   -1
 417     7.512    37.098     0.000  150   -1   -1   -1
 418     9.298   -28.136     0.000 1151   -1   -1   -1
 419     7.764    13.323     0.000  485   -1   -1   -1
 420     7.056    33.430     0.000  198   -1   -1   -1
 421     7.745    11.385     0.000  517   -1   -1   -1
 422     7.666    13.090     0.000  488   -1   -1   -1
 423     7.976     0.455     0.000  699   -1   -1   -1
 424     6.680    40.717     0.000  110   -1   -1   -1
 425     8.515   -22.604     0.000 1069   -1   -1   -1
 426     8.584   -29.591     0.000 1175   -1   -1   -1
 427     7.137    10.132     0.000  534   -1   -1   -1
 428     8.043   -17.591     0.000 1000   -1   -1   -1
 429     8.072   -19.486     0.000 1028   -1   -1   -1
 430     6.285    35.215     0.000  172   -1   -1   -1
 431     6.474    27.663     0.000  283   -1   -1   -1
 432     6.299    33.164     0.000  204   -1   -1   -1
 433     6.937    12.977     0.000  490   -1   -1   -1
 434     6.585    23.121     0.000  333   -1   -1   -1
 435     8.275   -28.349     0.000 1155   -1   -1   -1
 436     7.439    -4.273     0.000  783   -1   -1   -1
 437     6.430    26.124     0.000  303   -1   -1   -1
 438     7.682   -15.836     0.000  979   -1   -1   -1
 439     5.885    36.195     0.000  162   -1   -1   -1
 440     7.545   -17.616     0.000 1001   -1   -1   -1
 441     7.268   -12.651     0.000  930   -1   -1   -1
 442     7.390   -24.969     0.000 1103   -1   -1   -1
 443     5.707    25.890     0.000  307   -1   -1   -1
 444     7.233   -20.859     0.000 1049   -1   -1   -1
 445     5.706    24.265     0.000  324   -1   -1   -1
 446     5.783    17.420     0.000  426   -1   -1   -1
 447     7.234   -28.833     0.000 1162   -1   -1   -1
 448     5.196    31.114     0.000  229   -1   -1   -1
 449     5.819    10.606     0.000  528   -1   -1   -1
 450     5.066    33.480     0.000  197   -1   -1   -1
 451     6.851   -22.662     0.000 1070   -1   -1   -1
 452     6.979   -28.064     0.000 1144   -1   -1   -1
 453     5.977    -0.226     0.000  711   -1   -1   -1
 454     5.215    17.892     0.000  416   -1   -1   -1
 455     5.902    -4.349     0.000  785   -1   -1   -1
 456     5.977    -9.037     0.000  862   -1   -1   -1
 457     6.030   -11.596     0.000  906   -1   -1   -1
 458     4.274    41.626     0.000   98   -1   -1   -1
 459     6.065   -13.797     0.000  945   -1   -1   -1
 460     5.206    11.662     0.000  511   -1   -1   -1
 461     4.408    33.867     0.000  193   -1   -1   -1
 462     5.545    -2.785     0.000  750   -1   -1   -1
 463     4.513    22.885     0.000  340   -1   -1   -1
 464     4.172    33.249     0.000  201   -1   -1   -1
 465     5.224    -0.260     0.000  714   -1   -1   -1
 466     5.622   -12.352     0.000  922   -1   -1   -1
 467     3.840    40.854     0.000  107   -1   -1   -1
 468     3.372    47.033     0.000   57   -1   -1   -1
 469     3.988    26.316     0.000  299   -1   -1   -1
 470     5.701   -28.324     0.000 1152   -1   -1   -1
 471     5.388   -27.603     0.000 1137   -1   -1   -1
 472     5.404   -29.759     0.000 1176   -1   -1   -1
 473     4.523    -4.775     0.000  793   -1   -1   -1
 474     4.044     8.935     0.000  550   -1   -1   -1
 475     4.062     8.350     0.000  561   -1   -1   -1
 476     3.569    21.784     0.000  357   -1   -1   -1
 477     4.734   -15.001     0.000  968   -1   -1   -1
 478     4.875   -22.578     0.000 1068   -1   -1   -1
 479     4.318    -7.299     0.000  825   -1   -1   -1
 480     4.445   -14.127     0.000  951   -1   -1   -1
 481     3.809    -5.551     0.000  802   -1   -1   -1
 482     3.378     3.561     0.000  633   -1   -1   -1
 483     2.756    21.942     0.000  353   -1   -1   -1
 484     3.544    -4.694     0.000  791   -1   -1   -1
 485     3.228     4.303     0.000  620   -1   -1   -1
 486     3.860   -14.935     0.000  964   -1   -1   -1
 487     3.610   -10.876     0.000  890   -1   -1   -1
 488     3.583   -15.976     0.000  980   -1   -1   -1
 489     1.981    32.073     0.000  216   -1   -1   -1
 490     2.953    -8.233     0.000  847   -1   -1   -1
 491     3.669   -29.535     0.000 1168   -1   -1   -1
 492     1.691    28.214     0.000  277   -1   -1   -1
 493     1.058    46.513     0.000   61   -1   -1   -1
 494     1.579    28.455     0.000  270   -1   -1   -1
 495     0.836    49.507     0.000   31   -1   -1   -1
 496     2.634    -7.276     0.000  821   -1   -1   -1
 497     2.832   -13.619     0.000  939   -1   -1   -1
 498     3.111   -24.954     0.000 1097   -1   -1   -1
 499     0.793    43.935     0.000   76   -1   -1   -1
 500     1.354    26.349     0.000  297   -1   -1   -1
 501     2.181     0.471     0.000  693   -1   -1   -1
 502     2.999   -28.348     0.000 1150   -1   -1   -1
 503     1.756     6.309     0.000  584   -1   -1   -1
 504     1.231    20.901     0.000  370   -1   -1   -1
 505     2.124    -6.690     0.000  815   -1   -1   -1
 506     1.909    -5.787     0.000  807   -1   -1   -1
 507     1.120    16.558     0.000  437   -1   -1   -1
 508     2.407   -21.567     0.000 1053   -1   -1   -1
 509     1.105     8.678     0.000  555   -1   -1   -1
 510     1.344     1.171     0.000  679   -1   -1   -1
 511     1.499    -3.976     0.000  770   -1   -1   -1
 512     0.335    30.051     0.000  249   -1   -1   -1
 513     1.256    -1.035     0.000  721   -1   -1   -1
 514     0.575    16.736     0.000  434   -1   -1   -1
 515     0.275    20.947     0.000  369   -1   -1   -1
 516     1.100    -3.968     0.000  769   -1   -1   -1
 517     0.949    -2.336     0.000  741   -1   -1   -1
 518     0.217    19.438     0.000  396   -1   -1   -1
 519     1.326   -15.199     0.000  971   -1   -1   -1
 520    -0.266    24.123     0.000  326   -1   -1   -1
 521     0.017    11.735     0.000  507   -1   -1   -1
 522     1.060   -19.189     0.000 1021   -1   -1   -1
 523     1.254   -30.630     0.000 1183   -1   -1   -1
 524     0.114     1.402     0.000  671   -1   -1   -1
 525     0.967   -25.079     0.000 1099   -1   -1   -1
 526     1.021   -29.639     0.000 1169   -1   -1   -1
 527    -0.909    19.625     0.000  393   -1   -1   -1
 528     0.384   -20.369     0.000 1040   -1   -1   -1
 529     0.352   -22.055     0.000 1061   -1   -1   -1
 530    -1.515    32.097     0.000  213   -1   -1   -1
 531    -1.181    21.337     0.000  363   -1   -1   -1
 532     0.078   -17.702     0.000  999   -1   -1   -1
 533    -0.805     6.226     0.000  585   -1   -1   -1
 534    -0.531    -4.297     0.000  780   -1   -1   -1
 535    -2.204    45.539     0.000   66   -1   -1   -1
 536    -1.834    33.873     0.000  192   -1   -1   -1
 537    -1.970    37.659     0.000  143   -1   -1   -1
 538    -0.716    -3.860     0.000  764   -1   -1   -1
 539    -1.456    17.776     0.000  417   -1   -1   -1
 540    -2.605    49.894     0.000   28   -1   -1   -1
 541    -1.471    13.278     0.000  483   -1   -1   -1
 542    -1.943    22.110     0.000  347   -1   -1   -1
 543    -1.120    -3.600     0.000  758   -1   -1   -1
 544    -0.703   -19.854     0.000 1032   -1   -1   -1
 545    -2.782    36.578     0.000  157   -1   -1   -1
 546    -0.730   -24.499     0.000 1087   -1   -1   -1
 547    -2.138    15.494     0.000  457   -1   -1   -1
 548    -3.025    31.950     0.000  218   -1   -1   -1
 549    -1.544   -18.346     0.000 1009   -1   -1   -1
 550    -1.857    -9.799     0.000  875   -1   -1   -1
 551    -3.017    23.903     0.000  328   -1   -1   -1
 552    -1.319   -28.354     0.000 1145   -1   -1   -1
 553    -3.561    36.161     0.000  160   -1   -1   -1
 554    -3.184    21.990     0.000  348   -1   -1   -1
 555    -1.522   -29.898     0.000 1174   -1   -1   -1
 556    -3.796    33.176     0.000  200   -1   -1   -1
 557    -3.711    29.596     0.000  256   -1   -1   -1
 558    -3.081     9.434     0.000  540   -1   -1   -1
 559    -3.014     2.566     0.000  648   -1   -1   -1
 560    -3.421    13.304     0.000  480   -1   -1   -1
 561    -3.149     3.277     0.000  636   -1   -1   -1
 562    -2.940    -4.304     0.000  777   -1   -1   -1
 563    -3.228     3.980     0.000  622   -1   -1   -1
 564    -2.757   -11.757     0.000  905   -1   -1   -1
 565    -2.380   -23.255     0.000 1072   -1   -1   -1
 566    -4.890    48.066     0.000   51   -1   -1   -1
 567    -3.733    12.615     0.000  493   -1   -1   -1
 568    -3.940    18.286     0.000  408   -1   -1   -1
 569    -3.497     1.670     0.000  667   -1   -1   -1
 570    -4.867    38.848     0.000  132   -1   -1   -1
 571    -3.417    -4.715     0.000  789   -1   -1   -1
 572    -4.709    30.078     0.000  247   -1   -1   -1
 573    -3.144   -19.365     0.000 1023   -1   -1   -1
 574    -5.191    38.785     0.000  133   -1   -1   -1
 575    -3.296   -17.258     0.000  992   -1   -1   -1
 576    -4.692    23.053     0.000  332   -1   -1   -1
 577    -5.140    34.321     0.000  186   -1   -1   -1
 578    -5.279    36.032     0.000  164   -1   -1   -1
 579    -4.156    -0.788     0.000  716   -1   -1   -1
 580    -5.384    35.066     0.000  173   -1   -1   -1
 581    -3.787   -12.509     0.000  918   -1   -1   -1
 582    -3.483   -25.143     0.000 1096   -1   -1   -1
 583    -5.403    27.633     0.000  281   -1   -1   -1
 584    -5.916    42.121     0.000   93   -1   -1   -1
 585    -4.650     3.001     0.000  640   -1   -1   -1
 586    -5.055    12.175     0.000  497   -1   -1   -1
 587    -4.317   -15.239     0.000  967   -1   -1   -1
 588    -5.770    26.459     0.000  295   -1   -1   -1
 589    -5.718    24.884     0.000  317   -1   -1   -1
 590    -5.595    20.619     0.000  372   -1   -1   -1
 591    -4.481   -11.742     0.000  902   -1   -1   -1
 592    -6.073    32.891     0.000  206   -1   -1   -1
 593    -6.118    30.914     0.000  234   -1   -1   -1
 594    -4.956    -5.780     0.000  803   -1   -1   -1
 595    -5.161    -2.788     0.000  745   -1   -1   -1
 596    -5.215    -1.840     0.000  731   -1   -1   -1
 597    -4.664   -18.827     0.000 1013   -1   -1   -1
 598    -4.308   -29.941     0.000 1173   -1   -1   -1
 599    -5.845    13.907     0.000  472   -1   -1   -1
 600    -6.798    31.056     0.000  227   -1   -1   -1
 601    -5.401   -10.805     0.000  884   -1   -1   -1
 602    -5.110   -19.296     0.000 1019   -1   -1   -1
 603    -5.585    -6.440     0.000  810   -1   -1   -1
 604    -5.540    -8.258     0.000  840   -1   -1   -1
 605    -7.416    46.541     0.000   60   -1   -1   -1
 606    -7.330    42.736     0.000   89   -1   -1   -1
 607    -5.736    -5.661     0.000  798   -1   -1   -1
 608    -6.288     6.618     0.000  573   -1   -1   -1
 609    -7.281    31.361     0.000  222   -1   -1   -1
 610    -6.238     0.575     0.000  686   -1   -1   -1
 611    -7.084    16.438     0.000  436   -1   -1   -1
 612    -7.881    38.866     0.000  131   -1   -1   -1
 613    -6.744     5.009     0.000  606   -1   -1   -1
 614    -5.797   -24.966     0.000 1094   -1   -1   -1
 615    -6.886     5.435     0.000  596   -1   -1   -1
 616    -7.570    25.293     0.000  314   -1   -1   -1
 617    -6.040   -25.621     0.000 1106   -1   -1   -1
 618    -6.638    -9.164     0.000  859   -1   -1   -1
 619    -7.954    26.678     0.000  293   -1   -1   -1
 620    -8.518    38.488     0.000  137   -1   -1   -1
 621    -7.360     3.118     0.000  638   -1   -1   -1
 622    -8.031    22.527     0.000  341   -1   -1   -1
 623    -7.568     7.189     0.000  569   -1   -1   -1
 624    -7.642     9.162     0.000  541   -1   -1   -1
 625    -6.843   -13.832     0.000  938   -1   -1   -1
 626    -7.462     3.693     0.000  627   -1   -1   -1
 627    -7.886    15.226     0.000  461   -1   -1   -1
 628    -6.768   -18.215     0.000 1004   -1   -1   -1
 629    -7.781     9.420     0.000  537   -1   -1   -1
 630    -7.078   -12.636     0.000  920   -1   -1   -1
 631    -6.541   -29.931     0.000 1170   -1   -1   -1
 632    -8.183    15.904     0.000  444   -1   -1   -1
 633    -6.742   -29.376     0.000 1163   -1   -1   -1
 634    -7.142   -19.967     0.000 1029   -1   -1   -1
 635    -9.096    35.928     0.000  165   -1   -1   -1
 636    -7.670    -8.865     0.000  849   -1   -1   -1
 637    -9.155    31.796     0.000  219   -1   -1   -1
 638    -7.231   -23.614     0.000 1075   -1   -1   -1
 639    -7.401   -19.391     0.000 1020   -1   -1   -1
 640    -7.876    -7.486     0.000  820   -1   -1   -1
 641    -8.167     0.185     0.000  695   -1   -1   -1
 642    -8.092    -2.294     0.000  737   -1   -1   -1
 643    -8.084    -4.451     0.000  779   -1   -1   -1
 644    -8.542     4.576     0.000  612   -1   -1   -1
 645   -10.141    48.376     0.000   47   -1   -1   -1
 646    -7.702   -22.942     0.000 1067   -1   -1   -1
 647   -10.310    47.372     0.000   54   -1   -1   -1
 648   -10.145    41.667     0.000   95   -1   -1   -1
 649    -9.183    11.309     0.000  515   -1   -1   -1
 650    -9.953    30.877     0.000  233   -1   -1   -1
 651    -9.956    25.287     0.000  312   -1   -1   -1
 652    -9.703    17.468     0.000  419   -1   -1   -1
 653   -10.802    48.436     0.000   46   -1   -1   -1
 654    -8.568   -17.773     0.000  996   -1   -1   -1
 655   -10.799    45.940     0.000   64   -1   -1   -1
 656    -9.615    10.469     0.000  526   -1   -1   -1
 657    -8.816   -19.137     0.000 1014   -1   -1   -1
 658   -10.067     8.993     0.000  543   -1   -1   -1
 659   -11.175    39.798     0.000  117   -1   -1   -1
 660    -9.541    -9.599     0.000  866   -1   -1   -1
 661    -9.345   -15.528     0.000  972   -1   -1   -1
 662   -10.655    19.963     0.000  383   -1   -1   -1
 663   -11.220    31.944     0.000  215   -1   -1   -1
 664    -9.281   -26.175     0.000 1111   -1   -1   -1
 665   -10.897    18.963     0.000  399   -1   -1   -1
 666   -11.934    48.920     0.000   38   -1   -1   -1
 667   -10.020   -17.440     0.000  991   -1   -1   -1
 668   -11.126    13.421     0.000  473   -1   -1   -1
 669    -9.717   -27.544     0.000 1125   -1   -1   -1
 670    -9.996   -22.052     0.000 1054   -1   -1   -1
 671   -11.290    14.026     0.000  469   -1   -1   -1
 672   -10.899     2.216     0.000  654   -1   -1   -1
 673   -12.162    36.013     0.000  163   -1   -1   -1
 674    -9.913   -27.673     0.000 1127   -1   -1   -1
 675   -11.154     4.248     0.000  616   -1   -1   -1
 676   -12.130    31.138     0.000  223   -1   -1   -1
 677   -12.616    42.235     0.000   91   -1   -1   -1
 678   -10.373   -24.407     0.000 1084   -1   -1   -1
 679   -10.981    -8.444     0.000  841   -1   -1   -1
 680   -10.831   -13.532     0.000  934   -1   -1   -1
 681   -10.285   -29.190     0.000 1158   -1   -1   -1
 682   -11.769    11.300     0.000  512   -1   -1   -1
 683   -11.254    -3.774     0.000  757   -1   -1   -1
 684   -12.351    25.623     0.000  309   -1   -1   -1
 685   -12.662    30.261     0.000  243   -1   -1   -1
 686   -12.148    13.151     0.000  479   -1   -1   -1
 687   -13.301    42.440     0.000   90   -1   -1   -1
 688   -11.527    -8.604     0.000  846   -1   -1   -1
 689   -13.408    42.795     0.000   88   -1   -1   -1
 690   -10.915   -30.111     0.000 1171   -1   -1   -1
 691   -12.487     7.022     0.000  570   -1   -1   -1
 692   -12.082   -10.051     0.000  873   -1   -1   -1
 693   -13.954    38.557     0.000  135   -1   -1   -1
 694   -12.312   -12.937     0.000  924   -1   -1   -1
 695   -14.307    43.637     0.000   79   -1   -1   -1
 696   -12.432   -10.261     0.000  877   -1   -1   -1
 697   -14.413    46.191     0.000   63   -1   -1   -1
 698   -13.957    30.895     0.000  230   -1   -1   -1
 699   -13.283     8.051     0.000  560   -1   -1   -1
 700   -13.949    26.167     0.000  296   -1   -1   -1
 701   -12.581   -14.678     0.000  952   -1   -1   -1
 702   -13.250     3.586     0.000  626   -1   -1   -1
 703   -12.332   -25.056     0.000 1089   -1   -1   -1
 704   -14.101    22.177     0.000  345   -1   -1   -1
 705   -13.936    16.785     0.000  429   -1   -1   -1
 706   -14.104    20.763     0.000  368   -1   -1   -1
 707   -13.821     6.118     0.000  582   -1   -1   -1
 708   -13.447    -4.692     0.000  782   -1   -1   -1
 709   -14.632    25.859     0.000  302   -1   -1   -1
 710   -15.274    42.907     0.000   87   -1   -1   -1
 711   -13.566    -8.326     0.000  835   -1   -1   -1
 712   -13.505   -12.223     0.000  907   -1   -1   -1
 713   -13.084   -26.531     0.000 1113   -1   -1   -1
 714   -15.172    28.802     0.000  266   -1   -1   -1
 715   -15.394    34.350     0.000  182   -1   -1   -1
 716   -14.314     3.382     0.000  630   -1   -1   -1
 717   -13.626   -15.942     0.000  975   -1   -1   -1
 718   -14.799    13.178     0.000  477   -1   -1   -1
 719   -14.412    -3.325     0.000  751   -1   -1   -1
 720   -14.441    -2.590     0.000  740   -1   -1   -1
 721   -14.949    11.235     0.000  513   -1   -1   -1
 722   -13.528   -29.069     0.000 1154   -1   -1   -1
 723   -15.560    26.928     0.000  288   -1   -1   -1
 724   -14.626    -0.139     0.000  700   -1   -1   -1
 725   -14.502    -5.813     0.000  797   -1   -1   -1
 726   -16.193    41.394     0.000  100   -1   -1   -1
 727   -14.903     3.155     0.000  634   -1   -1   -1
 728   -16.093    34.612     0.000  177   -1   -1   -1
 729   -15.227     8.879     0.000  544   -1   -1   -1
 730   -15.979    29.304     0.000  259   -1   -1   -1
 731   -13.952   -27.661     0.000 1123   -1   -1   -1
 732   -15.635    18.590     0.000  401   -1   -1   -1
 733   -15.499    14.451     0.000  464   -1   -1   -1
 734   -16.684    42.900     0.000   86   -1   -1   -1
 735   -15.323     3.588     0.000  624   -1   -1   -1
 736   -15.250    -0.051     0.000  697   -1   -1   -1
 737   -15.705     4.258     0.000  615   -1   -1   -1
 738   -15.780     5.301     0.000  595   -1   -1   -1
 739   -15.334    -7.952     0.000  827   -1   -1   -1
 740   -14.669   -29.328     0.000 1157   -1   -1   -1
 741   -15.968     5.706     0.000  587   -1   -1   -1
 742   -16.262    13.284     0.000  476   -1   -1   -1
 743   -17.016    28.762     0.000  267   -1   -1   -1
 744   -17.529    39.297     0.000  124   -1   -1   -1
 745   -16.823    16.867     0.000  428   -1   -1   -1
 746   -16.288    -0.602     0.000  708   -1   -1   -1
 747   -17.718    35.074     0.000  171   -1   -1   -1
 748   -18.130    45.397     0.000   67   -1   -1   -1
 749   -15.976   -15.829     0.000  974   -1   -1   -1
 750   -16.858     8.067     0.000  559   -1   -1   -1
 751   -16.469    -3.097     0.000  746   -1   -1   -1
 752   -17.765    31.043     0.000  225   -1   -1   -1
 753   -17.824    29.611     0.000  254   -1   -1   -1
 754   -16.745    -2.391     0.000  735   -1   -1   -1
 755   -18.182    37.669     0.000  142   -1   -1   -1
 756   -17.797    23.535     0.000  329   -1   -1   -1
 757   -16.104   -23.639     0.000 1071   -1   -1   -1
 758   -17.393    10.885     0.000  518   -1   -1   -1
 759   -16.551   -12.809     0.000  917   -1   -1   -1
 760   -16.360   -18.890     0.000 1010   -1   -1   -1
 761   -18.532    41.408     0.000   99   -1   -1   -1
 762   -17.384     5.329     0.000  594   -1   -1   -1
 763   -16.907    -8.257     0.000  832   -1   -1   -1
 764   -17.729    12.236     0.000  494   -1   -1   -1
 765   -17.254    -1.615     0.000  726   -1   -1   -1
 766   -18.420    28.392     0.000  269   -1   -1   -1
 767   -16.503   -27.517     0.000 1119   -1   -1   -1
 768   -17.422    -4.512     0.000  773   -1   -1   -1
 769   -19.188    45.037     0.000   70   -1   -1   -1
 770   -18.941    30.762     0.000  235   -1   -1   -1
 771   -18.348    13.275     0.000  474   -1   -1   -1
 772   -19.202    34.414     0.000  180   -1   -1   -1
 773   -19.343    32.463     0.000  209   -1   -1   -1
 774   -19.604    34.328     0.000  181   -1   -1   -1
 775   -19.122    19.834     0.000  382   -1   -1   -1
 776   -19.603    30.425     0.000  242   -1   -1   -1
 777   -17.604   -25.298     0.000 1092   -1   -1   -1
 778   -18.546    -0.805     0.000  710   -1   -1   -1
 779   -19.087    12.935     0.000  484   -1   -1   -1
 780   -18.928     5.164     0.000  597   -1   -1   -1
 781   -19.414    17.955     0.000  410   -1   -1   -1
 782   -18.235   -18.127     0.000  997   -1   -1   -1
 783   -20.312    38.951     0.000  128   -1   -1   -1
 784   -19.089     1.205     0.000  669   -1   -1   -1
 785   -18.969    -2.426     0.000  734   -1   -1   -1
 786   -20.771    44.541     0.000   72   -1   -1   -1
 787   -19.127    -5.891     0.000  796   -1   -1   -1
 788   -20.412    22.210     0.000  342   -1   -1   -1
 789   -20.830    30.548     0.000  239   -1   -1   -1
 790   -19.501    -8.359     0.000  833   -1   -1   -1
 791   -21.421    39.911     0.000  115   -1   -1   -1
 792   -20.875    20.029     0.000  377   -1   -1   -1
 793   -21.076    24.820     0.000  316   -1   -1   -1
 794   -21.903    47.758     0.000   52   -1   -1   -1
 795   -21.545    36.514     0.000  154   -1   -1   -1
 796   -21.541    33.237     0.000  195   -1   -1   -1
 797   -19.588   -22.632     0.000 1057   -1   -1   -1
 798   -20.644     5.477     0.000  591   -1   -1   -1
 799   -21.114    17.153     0.000  422   -1   -1   -1
 800   -20.918    11.450     0.000  504   -1   -1   -1
 801   -22.126    44.129     0.000   74   -1   -1   -1
 802   -20.799     6.246     0.000  575   -1   -1   -1
 803   -20.132   -14.829     0.000  950   -1   -1   -1
 804   -20.971     5.445     0.000  592   -1   -1   -1
 805   -20.252   -14.608     0.000  946   -1   -1   -1
 806   -21.017     4.636     0.000  607   -1   -1   -1
 807   -22.192    35.960     0.000  161   -1   -1   -1
 808   -20.484   -14.939     0.000  955   -1   -1   -1
 809   -20.948    -3.069     0.000  743   -1   -1   -1
 810   -20.456   -18.902     0.000 1007   -1   -1   -1
 811   -22.619    38.810     0.000  130   -1   -1   -1
 812   -21.313     2.020     0.000  653   -1   -1   -1
 813   -21.940    17.960     0.000  409   -1   -1   -1
 814   -22.319    24.105     0.000  322   -1   -1   -1
 815   -21.252    -9.311     0.000  853   -1   -1   -1
 816   -21.992    10.386     0.000  523   -1   -1   -1
 817   -23.199    43.545     0.000   81   -1   -1   -1
 818   -21.445    -7.305     0.000  814   -1   -1   -1
 819   -21.965     5.486     0.000  590   -1   -1   -1
 820   -22.072     5.002     0.000  598   -1   -1   -1
 821   -22.752    22.540     0.000  338   -1   -1   -1
 822   -22.764    19.864     0.000  380   -1   -1   -1
 823   -22.965    21.661     0.000  349   -1   -1   -1
 824   -23.004    22.608     0.000  334   -1   -1   -1
 825   -23.636    37.264     0.000  145   -1   -1   -1
 826   -22.776    11.309     0.000  505   -1   -1   -1
 827   -22.837     9.497     0.000  535   -1   -1   -1
 828   -21.773   -22.037     0.000 1051   -1   -1   -1
 829   -23.390    20.056     0.000  376   -1   -1   -1
 830   -22.306    -9.323     0.000  852   -1   -1   -1
 831   -22.780     2.000     0.000  651   -1   -1   -1
 832   -22.902     0.271     0.000  684   -1   -1   -1
 833   -22.600    -8.771     0.000  842   -1   -1   -1
 834   -24.116    29.703     0.000  250   -1   -1   -1
 835   -22.718    -9.943     0.000  864   -1   -1   -1
 836   -23.709    16.757     0.000  427   -1   -1   -1
 837   -22.625   -14.554     0.000  941   -1   -1   -1
 838   -23.761    15.917     0.000  440   -1   -1   -1
 839   -23.399     4.776     0.000  603   -1   -1   -1
 840   -24.746    41.479     0.000   96   -1   -1   -1
 841   -23.098    -7.285     0.000  812   -1   -1   -1
 842   -23.878    11.836     0.000  496   -1   -1   -1
 843   -22.772   -20.232     0.000 1025   -1   -1   -1
 844   -22.539   -29.188     0.000 1147   -1   -1   -1
 845   -24.454    18.193     0.000  405   -1   -1   -1
 846   -24.680    22.465     0.000  339   -1   -1   -1
 847   -24.552    17.800     0.000  412   -1   -1   -1
 848   -24.729    21.476     0.000  354   -1   -1   -1
 849   -23.488   -11.959     0.000  896   -1   -1   -1
 850   -25.722    47.238     0.000   55   -1   -1   -1
 851   -24.107     1.606     0.000  662   -1   -1   -1
 852   -24.771    16.517     0.000  430   -1   -1   -1
 853   -24.328     1.778     0.000  657   -1   -1   -1
 854   -23.934    -9.228     0.000  848   -1   -1   -1
 855   -23.864   -14.870     0.000  948   -1   -1   -1
 856   -24.627     1.636     0.000  660   -1   -1   -1
 857   -24.321   -10.183     0.000  869   -1   -1   -1
 858   -24.841    -5.119     0.000  784   -1   -1   -1
 859   -25.809    17.133     0.000  420   -1   -1   -1
 860   -25.075    -8.031     0.000  822   -1   -1   -1
 861   -26.680    30.772     0.000  228   -1   -1   -1
 862   -25.459   -10.227     0.000  870   -1   -1   -1
 863   -25.986     2.544     0.000  639   -1   -1   -1
 864   -26.503    15.345     0.000  449   -1   -1   -1
 865   -25.728    -5.887     0.000  795   -1   -1   -1
 866   -25.641   -12.233     0.000  899   -1   -1   -1
 867   -26.917    15.408     0.000  448   -1   -1   -1
 868   -26.302    -2.760     0.000  738   -1   -1   -1
 869   -26.394    -0.708     0.000  702   -1   -1   -1
 870   -28.430    51.224     0.000   20   -1   -1   -1
 871   -28.470    49.202     0.000   35   -1   -1   -1
 872   -27.061    10.413     0.000  521   -1   -1   -1
 873   -28.202    40.961     0.000  103   -1   -1   -1
 874   -26.551    -3.825     0.000  754   -1   -1   -1
 875   -27.835    27.922     0.000  274   -1   -1   -1
 876   -26.535   -11.448     0.000  885   -1   -1   -1
 877   -27.213     5.395     0.000  588   -1   -1   -1
 878   -28.389    32.869     0.000  203   -1   -1   -1
 879   -28.080    23.548     0.000  327   -1   -1   -1
 880   -27.468     7.007     0.000  566   -1   -1   -1
 881   -26.624   -15.796     0.000  963   -1   -1   -1
 882   -26.987    -8.129     0.000  824   -1   -1   -1
 883   -27.958     4.578     0.000  605   -1   -1   -1
 884   -28.899    27.898     0.000  275   -1   -1   -1
 885   -27.909     0.551     0.000  678   -1   -1   -1
 886   -29.251    36.327     0.000  158   -1   -1   -1
 887   -29.481    38.956     0.000  127   -1   -1   -1
 888   -27.751   -10.688     0.000  878   -1   -1   -1
 889   -27.716   -15.487     0.000  961   -1   -1   -1
 890   -28.362    -3.172     0.000  742   -1   -1   -1
 891   -29.296    19.453     0.000  386   -1   -1   -1
 892   -28.051   -15.925     0.000  966   -1   -1   -1
 893   -28.171   -13.469     0.000  925   -1   -1   -1
 894   -28.117   -19.974     0.000 1018   -1   -1   -1
 895   -28.795    -4.518     0.000  763   -1   -1   -1
 896   -28.875    -8.204     0.000  826   -1   -1   -1
 897   -29.726     2.791     0.000  635   -1   -1   -1
 898   -31.515    50.406     0.000   23   -1   -1   -1
 899   -30.099    10.301     0.000  522   -1   -1   -1
 900   -29.558    -4.919     0.000  776   -1   -1   -1
 901   -29.595    -4.684     0.000  766   -1   -1   -1
 902   -30.006     1.228     0.000  664   -1   -1   -1
 903   -29.485   -13.588     0.000  928   -1   -1   -1
 904   -29.408   -20.725     0.000 1031   -1   -1   -1
 905   -29.892    -9.654     0.000  854   -1   -1   -1
 906   -29.234   -26.858     0.000 1112   -1   -1   -1
 907   -29.716   -17.990     0.000  989   -1   -1   -1
 908   -30.594     1.989     0.000  647   -1   -1   -1
 909   -32.136    43.284     0.000   82   -1   -1   -1
 910   -29.987   -14.159     0.000  935   -1   -1   -1
 911   -30.827    -3.675     0.000  749   -1   -1   -1
 912   -30.381   -20.753     0.000 1030   -1   -1   -1
 913   -31.132    -1.864     0.000  723   -1   -1   -1
 914   -30.722   -13.447     0.000  923   -1   -1   -1
 915   -31.388     1.657     0.000  656   -1   -1   -1
 916   -31.636     4.744     0.000  599   -1   -1   -1
 917   -31.032   -11.390     0.000  883   -1   -1   -1
 918   -32.358    21.017     0.000  359   -1   -1   -1
 919   -32.117     7.196     0.000  564   -1   -1   -1
 920   -31.412   -12.378     0.000  898   -1   -1   -1
 921   -32.868    21.986     0.000  344   -1   -1   -1
 922   -32.455     9.487     0.000  532   -1   -1   -1
 923   -33.664    39.891     0.000  114   -1   -1   -1
 924   -32.094    -8.852     0.000  836   -1   -1   -1
 925   -34.651    48.255     0.000   48   -1   -1   -1
 926   -33.942    28.810     0.000  263   -1   -1   -1
 927   -33.204     8.352     0.000  546   -1   -1   -1
 928   -33.743    17.957     0.000  406   -1   -1   -1
 929   -33.094    -1.635     0.000  718   -1   -1   -1
 930   -34.303    29.466     0.000  253   -1   -1   -1
 931   -32.634   -15.450     0.000  957   -1   -1   -1
 932   -33.164    -2.800     0.000  736   -1   -1   -1
 933   -34.259    22.386     0.000  336   -1   -1   -1
 934   -32.976   -12.110     0.000  892   -1   -1   -1
 935   -34.350    14.980     0.000  455   -1   -1   -1
 936   -33.131   -16.802     0.000  976   -1   -1   -1
 937   -33.382   -11.845     0.000  888   -1   -1   -1
 938   -35.233    36.329     0.000  155   -1   -1   -1
 939   -35.428    39.570     0.000  118   -1   -1   -1
 940   -35.654    40.194     0.000  111   -1   -1   -1
 941   -33.201   -26.626     0.000 1109   -1   -1   -1
 942   -35.791    37.674     0.000  140   -1   -1   -1
 943   -35.832    33.573     0.000  190   -1   -1   -1
 944   -34.487    -2.621     0.000  733   -1   -1   -1
 945   -36.947    43.930     0.000   75   -1   -1   -1
 946   -34.377   -24.788     0.000 1078   -1   -1   -1
 947   -35.984     3.700     0.000  617   -1   -1   -1
 948   -37.418    40.465     0.000  108   -1   -1   -1
 949   -35.655   -10.969     0.000  879   -1   -1   -1
 950   -36.020    -4.954     0.000  772   -1   -1   -1
 951   -38.585    49.816     0.000   26   -1   -1   -1
 952   -38.436    42.967     0.000   85   -1   -1   -1
 953   -37.742    17.185     0.000  415   -1   -1   -1
 954   -37.596    12.625     0.000  482   -1   -1   -1
 955   -38.095    23.722     0.000  323   -1   -1   -1
 956   -36.408   -23.734     0.000 1066   -1   -1   -1
 957   -36.450   -25.756     0.000 1088   -1   -1   -1
 958   -36.583   -25.078     0.000 1081   -1   -1   -1
 959   -37.003   -21.363     0.000 1038   -1   -1   -1
 960   -37.952     1.010     0.000  665   -1   -1   -1
 961   -39.467    36.719     0.000  148   -1   -1   -1
 962   -38.611    11.001     0.000  506   -1   -1   -1
 963   -39.799    39.877     0.000  113   -1   -1   -1
 964   -39.805    34.559     0.000  175   -1   -1   -1
 965   -38.213    -8.804     0.000  830   -1   -1   -1
 966   -38.627    -0.761     0.000  701   -1   -1   -1
 967   -38.851     4.539     0.000  600   -1   -1   -1
 968   -38.664    -1.338     0.000  715   -1   -1   -1
 969   -38.116   -15.432     0.000  954   -1   -1   -1
 970   -38.532    -5.519     0.000  786   -1   -1   -1
 971   -40.221    36.138     0.000  159   -1   -1   -1
 972   -38.383   -11.267     0.000  882   -1   -1   -1
 973   -40.461    36.867     0.000  146   -1   -1   -1
 974   -38.239   -23.646     0.000 1064   -1   -1   -1
 975   -39.183    -1.748     0.000  717   -1   -1   -1
 976   -38.239   -26.296     0.000 1095   -1   -1   -1
 977   -38.746   -16.203     0.000  965   -1   -1   -1
 978   -39.124    -8.847     0.000  831   -1   -1   -1
 979   -41.431    47.509     0.000   53   -1   -1   -1
 980   -38.951   -18.497     0.000  993   -1   -1   -1
 981   -38.847   -23.292     0.000 1059   -1   -1   -1
 982   -39.086   -20.914     0.000 1027   -1   -1   -1
 983   -41.854    49.841     0.000   25   -1   -1   -1
 984   -40.366     8.319     0.000  545   -1   -1   -1
 985   -40.329     7.358     0.000  562   -1   -1   -1
 986   -38.955   -28.461     0.000 1121   -1   -1   -1
 987   -39.252   -26.060     0.000 1093   -1   -1   -1
 988   -39.696   -16.412     0.000  970   -1   -1   -1
 989   -42.593    53.323     0.000    3   -1   -1   -1
 990   -41.266    17.035     0.000  418   -1   -1   -1
 991   -39.841   -21.867     0.000 1043   -1   -1   -1
 992   -41.335    15.069     0.000  450   -1   -1   -1
 993   -42.608    48.121     0.000   50   -1   -1   -1
 994   -40.561   -10.434     0.000  865   -1   -1   -1
 995   -42.588    41.319     0.000   97   -1   -1   -1
 996   -40.168   -26.591     0.000 1104   -1   -1   -1
 997   -40.243   -29.332     0.000 1140   -1   -1   -1
 998   -40.247   -30.340     0.000 1160   -1   -1   -1
 999   -41.524    -0.549     0.000  692   -1   -1   -1
1000   -40.670   -24.714     0.000 1074   -1   -1   -1
1001   -40.757   -23.148     0.000 1056   -1   -1   -1
1002   -42.413    13.950     0.000  465   -1   -1   -1
1003   -43.980    53.077     0.000    5   -1   -1   -1
1004   -43.935    48.636     0.000   39   -1   -1   -1
1005   -42.123     1.732     0.000  646   -1   -1   -1
1006   -42.802    14.971     0.000  451   -1   -1   -1
1007   -43.467    26.922     0.000  284   -1   -1   -1
1008   -44.248    43.074     0.000   83   -1   -1   -1
1009   -43.630    24.263     0.000  318   -1   -1   -1
1010   -41.413   -31.512     0.000 1178   -1   -1   -1
1011   -42.357   -10.703     0.000  871   -1   -1   -1
1012   -42.400   -15.798     0.000  958   -1   -1   -1
1013   -45.261    39.190     0.000  123   -1   -1   -1
1014   -44.775    26.189     0.000  292   -1   -1   -1
1015   -42.936   -26.702     0.000 1105   -1   -1   -1
1016   -43.002   -29.039     0.000 1130   -1   -1   -1
1017   -45.819    32.188     0.000  207   -1   -1   -1
1018   -44.740     0.221     0.000  676   -1   -1   -1
1019   -44.575   -23.777     0.000 1062   -1   -1   -1
1020   -46.976    32.593     0.000  205   -1   -1   -1
1021   -45.639    -6.817     0.000  801   -1   -1   -1
1022   -46.369     7.848     0.000  551   -1   -1   -1
1023   -44.855   -29.650     0.000 1141   -1   -1   -1
1024   -46.761    16.583     0.000  424   -1   -1   -1
1025   -46.226     1.120     0.000  661   -1   -1   -1
1026   -46.529     3.858     0.000  610   -1   -1   -1
1027   -46.802     5.780     0.000  572   -1   -1   -1
1028   -46.761     1.478     0.000  650   -1   -1   -1
1029   -46.736    -0.512     0.000  690   -1   -1   -1
1030   -45.818   -31.601     0.000 1177   -1   -1   -1
1031   -45.939   -29.890     0.000 1143   -1   -1   -1
1032   -46.964   -19.448     0.000 1003   -1   -1   -1
1033   -46.811   -30.067     0.000 1149   -1   -1   -1
1034   -48.542     7.769     0.000  552   -1   -1   -1
1035   -47.651   -19.583     0.000 1005   -1   -1   -1
1036   -47.398   -29.758     0.000 1142   -1   -1   -1
1037   -48.667    -2.838     0.000  729   -1   -1   -1
1038   -50.066    30.092     0.000  241   -1   -1   -1
1039   -49.458     9.301     0.000  530   -1   -1   -1
1040   -49.604     7.730     0.000  553   -1   -1   -1
1041   -49.450     1.785     0.000  643   -1   -1   -1
1042   -48.593   -19.184     0.000  998   -1   -1   -1
1043   -51.582    51.578     0.000   15   -1   -1   -1
1044   -49.626    -6.446     0.000  794   -1   -1   -1
1045   -49.931    -0.168     0.000  681   -1   -1   -1
1046   -50.572     5.449     0.000  577   -1   -1   -1
1047   -51.572    30.274     0.000  237   -1   -1   -1
1048   -50.018    -8.049     0.000  813   -1   -1   -1
1049   -49.172   -28.792     0.000 1120   -1   -1   -1
1050   -49.896   -21.241     0.000 1026   -1   -1   -1
1051   -52.913    52.928     0.000    6   -1   -1   -1
1052   -51.334     8.222     0.000  542   -1   -1   -1
1053   -50.674   -11.065     0.000  872   -1   -1   -1
1054   -51.627     3.525     0.000  614   -1   -1   -1
1055   -51.601     1.919     0.000  641   -1   -1   -1
1056   -50.751   -20.950     0.000 1024   -1   -1   -1
1057   -51.798    -8.023     0.000  811   -1   -1   -1
1058   -50.992   -29.487     0.000 1135   -1   -1   -1
1059   -53.382    18.706     0.000  395   -1   -1   -1
1060   -54.062    30.624     0.000  224   -1   -1   -1
1061   -55.470    39.280     0.000  119   -1   -1   -1
1062   -55.946    28.866     0.000  258   -1   -1   -1
1063   -56.407    36.572     0.000  147   -1   -1   -1
1064   -56.081    25.232     0.000  304   -1   -1   -1
1065   -56.091    18.858     0.000  390   -1   -1   -1
1066   -56.229    16.524     0.000  423   -1   -1   -1
1067   -56.465    20.516     0.000  361   -1   -1   -1
1068   -56.487    20.225     0.000  367   -1   -1   -1
1069   -56.504    19.739     0.000  374   -1   -1   -1
1070   -56.472    17.824     0.000  402   -1   -1   -1
1071   -56.540    18.779     0.000  391   -1   -1   -1
1072   -54.563   -28.405     0.000 1117   -1   -1   -1
1073   -56.602    16.584     0.000  421   -1   -1   -1
1074   -56.595    14.707     0.000  453   -1   -1   -1
1075   -57.475    32.581     0.000  202   -1   -1   -1
1076   -57.110    20.354     0.000  365   -1   -1   -1
1077   -57.131    19.718     0.000  375   -1   -1   -1
1078   -58.328    49.425     0.000   29   -1   -1   -1
1079   -57.647    29.479     0.000  245   -1   -1   -1
1080   -57.190    17.446     0.000  407   -1   -1   -1
1081   -57.584    23.684     0.000  321   -1   -1   -1
1082   -57.229    14.709     0.000  452   -1   -1   -1
1083   -58.498    41.373     0.000   94   -1   -1   -1
1084   -55.646   -28.038     0.000 1114   -1   -1   -1
1085   -56.745   -10.501     0.000  858   -1   -1   -1
1086   -58.590    20.288     0.000  366   -1   -1   -1
1087   -57.027   -22.950     0.000 1050   -1   -1   -1
1088   -59.499    31.412     0.000  214   -1   -1   -1
1089   -57.084   -27.041     0.000 1100   -1   -1   -1
1090   -59.893    38.110     0.000  136   -1   -1   -1
1091   -59.828    34.062     0.000  179   -1   -1   -1
1092   -59.850    33.843     0.000  183   -1   -1   -1
1093   -58.645     0.174     0.000  670   -1   -1   -1
1094   -58.990     5.598     0.000  571   -1   -1   -1
1095   -57.706   -26.189     0.000 1085   -1   -1   -1
1096   -58.072   -18.011     0.000  984   -1   -1   -1
1097   -60.355    36.454     0.000  151   -1   -1   -1
1098   -59.864    23.908     0.000  320   -1   -1   -1
1099   -57.585   -29.894     0.000 1139   -1   -1   -1
1100   -57.722   -27.085     0.000 1101   -1   -1   -1
1101   -58.529   -11.625     0.000  880   -1   -1   -1
1102   -60.279    29.391     0.000  248   -1   -1   -1
1103   -59.371     4.699     0.000  589   -1   -1   -1
1104   -59.329     2.455     0.000  629   -1   -1   -1
1105   -59.588     3.586     0.000  608   -1   -1   -1
1106   -58.547   -22.490     0.000 1044   -1   -1   -1
1107   -59.051   -13.678     0.000  912   -1   -1   -1
1108   -60.509    18.640     0.000  394   -1   -1   -1
1109   -61.164    32.008     0.000  208   -1   -1   -1
1110   -60.127     5.163     0.000  581   -1   -1   -1
1111   -59.428   -14.004     0.000  916   -1   -1   -1
1112   -60.370     3.335     0.000  613   -1   -1   -1
1113   -59.454   -23.958     0.000 1058   -1   -1   -1
1114   -60.251    -7.488     0.000  808   -1   -1   -1
1115   -59.987   -16.195     0.000  956   -1   -1   -1
1116   -60.952     5.203     0.000  578   -1   -1   -1
1117   -60.351    -9.357     0.000  829   -1   -1   -1
1118   -60.242   -12.947     0.000  893   -1   -1   -1
1119   -62.593    43.293     0.000   80   -1   -1   -1
1120   -62.043    25.056     0.000  306   -1   -1   -1
1121   -61.045    -1.584     0.000  704   -1   -1   -1
1122   -63.059    46.270     0.000   59   -1   -1   -1
1123   -61.742    10.308     0.000  514   -1   -1   -1
1124   -60.606   -16.422     0.000  960   -1   -1   -1
1125   -62.143    18.139     0.000  398   -1   -1   -1
1126   -61.939     7.397     0.000  554   -1   -1   -1
1127   -63.506    35.351     0.000  166   -1   -1   -1
1128   -63.598    33.799     0.000  184   -1   -1   -1
1129   -61.899   -13.391     0.000  903   -1   -1   -1
1130   -63.190    12.410     0.000  475   -1   -1   -1
1131   -63.112    10.517     0.000  508   -1   -1   -1
1132   -62.978     4.719     0.000  586   -1   -1   -1
1133   -64.252    35.149     0.000  168   -1   -1   -1
1134   -63.943    27.473     0.000  273   -1   -1   -1
1135   -64.854    49.102     0.000   32   -1   -1   -1
1136   -64.073    28.460     0.000  261   -1   -1   -1
1137   -64.602    40.477     0.000  105   -1   -1   -1
1138   -62.825    -2.458     0.000  719   -1   -1   -1
1139   -63.269     7.667     0.000  548   -1   -1   -1
1140   -62.115   -22.149     0.000 1037   -1   -1   -1
1141   -64.511    32.744     0.000  196   -1   -1   -1
1142   -63.867    12.973     0.000  470   -1   -1   -1
1143   -62.343   -22.704     0.000 1046   -1   -1   -1
1144   -62.879   -15.765     0.000  943   -1   -1   -1
1145   -62.439   -25.751     0.000 1079   -1   -1   -1
1146   -63.859     6.100     0.000  567   -1   -1   -1
1147   -63.404    -7.747     0.000  809   -1   -1   -1
1148   -65.029    27.303     0.000  278   -1   -1   -1
1149   -64.960    22.704     0.000  330   -1   -1   -1
1150   -64.712    15.157     0.000  442   -1   -1   -1
1151   -63.301   -20.973     0.000 1016   -1   -1   -1
1152   -65.151    20.825     0.000  355   -1   -1   -1
1153   -64.743     9.185     0.000  529   -1   -1   -1
1154   -64.688     7.174     0.000  556   -1   -1   -1
1155   -63.262   -25.532     0.000 1077   -1   -1   -1
1156   -64.537     3.009     0.000  619   -1   -1   -1
1157   -64.965     8.714     0.000  533   -1   -1   -1
1158   -66.715    49.054     0.000   33   -1   -1   -1
1159   -65.634    21.309     0.000  346   -1   -1   -1
1160   -65.575    15.338     0.000  438   -1   -1   -1
1161   -66.290    30.694     0.000  221   -1   -1   -1
1162   -64.906    -2.696     0.000  724   -1   -1   -1
1163   -64.880    -5.281     0.000  759   -1   -1   -1
1164   -64.789   -12.638     0.000  886   -1   -1   -1
1165   -65.966    14.200     0.000  460   -1   -1   -1
1166   -64.518   -19.433     0.000  995   -1   -1   -1
1167   -64.639   -18.099     0.000  982   -1   -1   -1
1168   -65.412    -0.725     0.000  683   -1   -1   -1
1169   -65.968    10.176     0.000  516   -1   -1   -1
1170   -66.720    26.438     0.000  287   -1   -1   -1
1171   -64.717   -20.687     0.000 1012   -1   -1   -1
1172   -67.010    31.722     0.000  210   -1   -1   -1
1173   -65.200   -13.421     0.000  901   -1   -1   -1
1174   -65.357   -11.651     0.000  876   -1   -1   -1
1175   -66.971    22.183     0.000  331   -1   -1   -1
1176   -66.532    10.726     0.000  503   -1   -1   -1
1177   -66.681    13.151     0.000  468   -1   -1   -1
1178   -66.486     6.520     0.000  563   -1   -1   -1
1179   -66.558     3.834     0.000  602   -1   -1   -1
1180   -65.447   -21.940     0.000 1033   -1   -1   -1
1181   -66.045   -12.014     0.000  881   -1   -1   -1
1182   -66.430   -14.078     0.000  914   -1   -1   -1
1183   -66.975    -2.729     0.000  722   -1   -1   -1
1184   -66.640   -21.988     0.000 1034   -1   -1   -1
1185   -67.192   -10.921     0.000  860   -1   -1   -1
1186   -67.179   -19.397     0.000  994   -1   -1   -1
